0.1188247,-0.2299792,1.6
0.1188247,-0.2299792,1.6
0.1188247,-0.2299792,1.6
0.1179488,-0.2310037,1.6
0.1179488,-0.2310037,1.6
0.1168742,-0.2322704,1.6
0.1168742,-0.2322704,1.6
0.1168742,-0.2322704,1.6
0.1147795,-0.2325,1.6
0.1147795,-0.2325,1.6
0.1147795,-0.2325,1.6
0.1147795,-0.2325,1.6
0.1147795,-0.2325,1.6
0.0594075,-0.2448712,1.6
0.0594075,-0.2448712,1.6
0.0594075,-0.2448712,1.6
0.05884514,-0.244032,1.6
0.05884514,-0.244032,1.6
0.05703375,-0.244167,1.6
0.05703375,-0.244167,1.6
0.05703375,-0.244167,1.6
0.05656242,-0.2440975,1.6
0.05656242,-0.2440975,1.6
0.05624431,-0.2429876,1.6
0.05624431,-0.2429876,1.6
0.05624431,-0.2429876,1.6
0.05563615,-0.2420017,1.6
0.05563615,-0.2420017,1.6
0.05563615,-0.2420017,1.6
0.05563615,-0.2420017,1.6
0.05563615,-0.2420017,1.6
0.05563615,-0.2420017,1.6
0.05563615,-0.2420017,1.6
0.05563615,-0.2420017,1.6
0.05563615,-0.2420017,1.6
0.05563615,-0.2420017,1.6
-0.04979375,-0.2625719,1.6
-0.04979375,-0.2625719,1.6
-0.04979375,-0.2625719,1.6
-0.04933819,-0.2604584,1.6
-0.04933819,-0.2604584,1.6
-0.04925152,-0.2590098,1.6
-0.04925152,-0.2590098,1.6
-0.04925152,-0.2590098,1.6
-0.04944839,-0.2583319,1.6
-0.04944839,-0.2583319,1.6
-0.04944839,-0.2583319,1.6
-0.0497032,-0.2581233,1.6
-0.0497032,-0.2581233,1.6
-0.0498077,-0.2581629,1.6
-0.0498077,-0.2581629,1.6
-0.0498077,-0.2581629,1.6
-0.04973619,-0.2579422,1.6
-0.04973619,-0.2579422,1.6
-0.04973619,-0.2579422,1.6
-0.04983816,-0.257847,1.6
-0.04983816,-0.257847,1.6
-0.05002345,-0.2574908,1.6
-0.05002345,-0.2574908,1.6
-0.05002345,-0.2574908,1.6
-0.05002345,-0.2574908,1.6
-0.05002345,-0.2574908,1.6
-0.05002345,-0.2574908,1.6
-0.05045438,-0.2564705,1.6
-0.05045438,-0.2564705,1.6
-0.05037691,-0.2558683,1.6
-0.05037691,-0.2558683,1.6
-0.05037691,-0.2558683,1.6
-0.05029783,-0.2553015,1.6
-0.05029783,-0.2553015,1.6
-0.05034233,-0.2547726,1.6
-0.05034233,-0.2547726,1.6
-0.05034233,-0.2547726,1.6
-0.05034233,-0.2547726,1.6
-0.05034233,-0.2547726,1.6
-0.05034233,-0.2547726,1.6
-0.05003497,-0.2544605,1.6
-0.05003497,-0.2544605,1.6
-0.05058362,-0.2547247,1.6
-0.05058362,-0.2547247,1.6
-0.05058362,-0.2547247,1.6
-0.05091013,-0.2549781,1.6
-0.05091013,-0.2549781,1.6
-0.05091013,-0.2549781,1.6
-0.05119608,-0.2551495,1.6
-0.05119608,-0.2551495,1.6
-0.05137467,-0.255397,1.6
-0.05137467,-0.255397,1.6
-0.05161889,-0.2555256,1.6
-0.05161889,-0.2555256,1.6
-0.05190229,-0.2556298,1.6
-0.05190229,-0.2556298,1.6
-0.05190229,-0.2556298,1.6
-0.05202202,-0.2558435,1.6
-0.05202202,-0.2558435,1.6
-0.05203116,-0.2561154,1.6
-0.05203116,-0.2561154,1.6
-0.05203116,-0.2561154,1.6
-0.05203228,-0.2564873,1.6
-0.05203228,-0.2564873,1.6
-0.05203228,-0.2564873,1.6
-0.05225088,-0.2570196,1.6
-0.05225088,-0.2570196,1.6
-0.05250338,-0.2575247,1.6
-0.05250338,-0.2575247,1.6
-0.05250338,-0.2575247,1.6
-0.05282896,-0.2579269,1.6
-0.05282896,-0.2579269,1.6
-0.05282896,-0.2579269,1.6
-0.05282896,-0.2579269,1.6
-0.05282896,-0.2579269,1.6
-0.05282896,-0.2579269,1.6
-0.05282896,-0.2579269,1.6
-0.05282896,-0.2579269,1.6
-0.2047104,-0.2708343,1.6
-0.2047104,-0.2708343,1.6
-0.2047104,-0.2708343,1.6
-0.2083879,-0.274994,1.6
-0.2083879,-0.274994,1.6
-0.2113768,-0.2754726,1.6
-0.2113768,-0.2754726,1.6
-0.2113768,-0.2754726,1.6
-0.2137774,-0.2752521,1.6
-0.2137774,-0.2752521,1.6
-0.2151237,-0.2743343,1.6
-0.2151237,-0.2743343,1.6
-0.2151237,-0.2743343,1.6
-0.215687,-0.2743089,1.6
-0.215687,-0.2743089,1.6
-0.215687,-0.2743089,1.6
-0.2169446,-0.2742897,1.6
-0.2169446,-0.2742897,1.6
-0.2178646,-0.2742697,1.6
-0.2178646,-0.2742697,1.6
-0.2178646,-0.2742697,1.6
-0.2183552,-0.2739991,1.6
-0.2183552,-0.2739991,1.6
-0.2183552,-0.2739991,1.6
-0.2189565,-0.2741535,1.6
-0.2189565,-0.2741535,1.6
-0.2191042,-0.2742118,1.6
-0.2191042,-0.2742118,1.6
-0.2191042,-0.2742118,1.6
-0.219179,-0.2740326,1.6
-0.219179,-0.2740326,1.6
-0.219179,-0.2740326,1.6
-0.2202396,-0.2745458,1.6
-0.2202396,-0.2745458,1.6
-0.2202396,-0.2745458,1.6
-0.2202396,-0.2745458,1.6
-0.2202396,-0.2745458,1.6
-0.2409895,-0.2841007,1.6
-0.2409895,-0.2841007,1.6
-0.2409895,-0.2841007,1.6
-0.2419945,-0.2846583,1.6
-0.2419945,-0.2846583,1.6
-0.2426518,-0.2848797,1.6
-0.2426518,-0.2848797,1.6
-0.2426518,-0.2848797,1.6
-0.2435709,-0.285486,1.6
-0.2435709,-0.285486,1.6
-0.2433714,-0.2858785,1.6
-0.2433714,-0.2858785,1.6
-0.2433714,-0.2858785,1.6
-0.2430365,-0.2860394,1.6
-0.2430365,-0.2860394,1.6
-0.2430365,-0.2860394,1.6
-0.2428923,-0.2861804,1.6
-0.2428923,-0.2861804,1.6
-0.2428923,-0.2861804,1.6
-0.2429804,-0.2859887,1.6
-0.2429804,-0.2859887,1.6
-0.2431448,-0.2859328,1.6
-0.2431448,-0.2859328,1.6
-0.2431448,-0.2859328,1.6
-0.2433387,-0.2857855,1.6
-0.2433387,-0.2857855,1.6
-0.2437505,-0.2858635,1.6
-0.2437505,-0.2858635,1.6
-0.2437505,-0.2858635,1.6
-0.2441314,-0.2858654,1.6
-0.2441314,-0.2858654,1.6
-0.2441314,-0.2858654,1.6
-0.2441314,-0.2858654,1.6
-0.2441314,-0.2858654,1.6
-0.2441314,-0.2858654,1.6
-0.2449068,-0.2855994,1.6
-0.2449068,-0.2855994,1.6
-0.2447463,-0.2853064,1.6
-0.2447463,-0.2853064,1.6
-0.2447463,-0.2853064,1.6
-0.2447463,-0.2853064,1.6
-0.2447463,-0.2853064,1.6
-0.200112,-0.1036916,1.6
-0.200112,-0.1036916,1.6
-0.200112,-0.1036916,1.6
-0.1977007,-0.1032564,1.6
-0.1977007,-0.1032564,1.6
-0.1977007,-0.1032564,1.6
-0.1975099,-0.1017628,1.6
-0.1975099,-0.1017628,1.6
-0.1967757,-0.1003601,1.6
-0.1967757,-0.1003601,1.6
-0.1967757,-0.1003601,1.6
-0.1961814,-0.09976495,1.6
-0.1961814,-0.09976495,1.6
-0.1961814,-0.09976495,1.6
-0.1958165,-0.09876468,1.6
-0.1958165,-0.09876468,1.6
-0.1949394,-0.0980648,1.6
-0.1949394,-0.0980648,1.6
-0.1949394,-0.0980648,1.6
-0.1949394,-0.0980648,1.6
-0.1949394,-0.0980648,1.6
-0.1949394,-0.0980648,1.6
-0.1710259,-0.06781568,1.6
-0.1710259,-0.06781568,1.6
-0.1714105,-0.06852176,1.6
-0.1714105,-0.06852176,1.6
-0.1714105,-0.06852176,1.6
-0.1722982,-0.06833506,1.6
-0.1722982,-0.06833506,1.6
-0.1722982,-0.06833506,1.6
-0.1725176,-0.06865085,1.6
-0.1725176,-0.06865085,1.6
-0.1722326,-0.06868076,1.6
-0.1722326,-0.06868076,1.6
-0.1722326,-0.06868076,1.6
-0.1720827,-0.06844401,1.6
-0.1720827,-0.06844401,1.6
-0.1718882,-0.06829818,1.6
-0.1718882,-0.06829818,1.6
-0.1718882,-0.06829818,1.6
-0.1711743,-0.06790201,1.6
-0.1711743,-0.06790201,1.6
-0.1711743,-0.06790201,1.6
-0.1711743,-0.06790201,1.6
-0.1711743,-0.06790201,1.6
-0.1516028,-0.06038383,1.6
-0.1516028,-0.06038383,1.6
-0.1516028,-0.06038383,1.6
-0.1511534,-0.06000163,1.6
-0.1511534,-0.06000163,1.6
-0.1511534,-0.06000163,1.6
-0.151204,-0.05960495,1.6
-0.151204,-0.05960495,1.6
-0.1517803,-0.05981253,1.6
-0.1517803,-0.05981253,1.6
-0.1517803,-0.05981253,1.6
-0.1518126,-0.05970723,1.6
-0.1518126,-0.05970723,1.6
-0.1524424,-0.05914446,1.6
-0.1524424,-0.05914446,1.6
-0.1524424,-0.05914446,1.6
-0.1523738,-0.05931095,1.6
-0.1523738,-0.05931095,1.6
-0.1523738,-0.05931095,1.6
-0.1528411,-0.05922224,1.6
-0.1528411,-0.05922224,1.6
-0.1530178,-0.05892814,1.6
-0.1530178,-0.05892814,1.6
-0.1530178,-0.05892814,1.6
-0.1530178,-0.05892814,1.6
-0.1530178,-0.05892814,1.6
-0.1530178,-0.05892814,1.6
-0.1858665,-0.07526963,1.6
-0.1858665,-0.07526963,1.6
-0.19025,-0.07957298,1.6
-0.19025,-0.07957298,1.6
-0.19025,-0.07957298,1.6
-0.19025,-0.07957298,1.6
-0.19025,-0.07957298,1.6
-0.1944247,-0.08145882,1.6
-0.1944247,-0.08145882,1.6
-0.1944247,-0.08145882,1.6
-0.1956445,-0.08159961,1.6
-0.1956445,-0.08159961,1.6
-0.1956445,-0.08159961,1.6
-0.1962124,-0.08120581,1.6
-0.1962124,-0.08120581,1.6
-0.1969305,-0.08083252,1.6
-0.1969305,-0.08083252,1.6
-0.1969305,-0.08083252,1.6
-0.1975802,-0.08072937,1.6
-0.1975802,-0.08072937,1.6
-0.1983486,-0.08041113,1.6
-0.1983486,-0.08041113,1.6
-0.198547,-0.08003605,1.6
-0.198547,-0.08003605,1.6
-0.1980498,-0.0797598,1.6
-0.1980498,-0.0797598,1.6
-0.1980498,-0.0797598,1.6
-0.1980498,-0.0797598,1.6
-0.1980498,-0.0797598,1.6
-0.1980498,-0.0797598,1.6
0.05572762,-0.04592973,1.6
0.05572762,-0.04592973,1.6
0.05863958,-0.04772716,1.6
0.05863958,-0.04772716,1.6
0.05863958,-0.04772716,1.6
0.05961659,-0.04872287,1.6
0.05961659,-0.04872287,1.6
0.05961659,-0.04872287,1.6
0.06058507,-0.05002994,1.6
0.06058507,-0.05002994,1.6
0.06081525,-0.0506109,1.6
0.06081525,-0.0506109,1.6
0.06081525,-0.0506109,1.6
0.06069084,-0.0502345,1.6
0.06069084,-0.0502345,1.6
0.06069084,-0.0502345,1.6
0.06069084,-0.0502345,1.6
0.06069084,-0.0502345,1.6
0.06069084,-0.0502345,1.6
0.06069084,-0.0502345,1.6
0.06069084,-0.0502345,1.6
0.217949,-0.1212628,1.6
0.217949,-0.1212628,1.6
0.2200088,-0.1210674,1.6
0.2200088,-0.1210674,1.6
0.2200088,-0.1210674,1.6
0.2181299,-0.1203769,1.6
0.2181299,-0.1203769,1.6
0.2181299,-0.1203769,1.6
0.2171821,-0.119246,1.6
0.2171821,-0.119246,1.6
0.2171821,-0.119246,1.6
0.2171821,-0.119246,1.6
0.2171821,-0.119246,1.6
0.2154178,-0.1171711,1.6
0.2154178,-0.1171711,1.6
0.2154178,-0.1171711,1.6
0.2090056,-0.08657167,1.6
0.2090056,-0.08657167,1.6
0.2112378,-0.08314792,1.6
0.2112378,-0.08314792,1.6
0.2112378,-0.08314792,1.6
0.2129519,-0.08086161,1.6
0.2129519,-0.08086161,1.6
0.2129519,-0.08086161,1.6
0.2140919,-0.0796509,1.6
0.2140919,-0.0796509,1.6
0.2144728,-0.07827619,1.6
0.2144728,-0.07827619,1.6
0.2144728,-0.07827619,1.6
0.2152458,-0.07667445,1.6
0.2152458,-0.07667445,1.6
0.2152458,-0.07667445,1.6
0.2161763,-0.07509402,1.6
0.2161763,-0.07509402,1.6
0.2170665,-0.07395596,1.6
0.2170665,-0.07395596,1.6
0.2170665,-0.07395596,1.6
0.2176018,-0.0732343,1.6
0.2176018,-0.0732343,1.6
0.2176018,-0.0732343,1.6
0.218058,-0.07249198,1.6
0.218058,-0.07249198,1.6
0.218681,-0.07193496,1.6
0.218681,-0.07193496,1.6
0.218681,-0.07193496,1.6
0.2186076,-0.07135541,1.6
0.2186076,-0.07135541,1.6
0.2188552,-0.07094616,1.6
0.2188552,-0.07094616,1.6
0.2188552,-0.07094616,1.6
0.2187348,-0.07072305,1.6
0.2187348,-0.07072305,1.6
0.2187348,-0.07072305,1.6
0.2187348,-0.07072305,1.6
0.2187348,-0.07072305,1.6
0.2366221,-0.06396736,1.6
0.2366221,-0.06396736,1.6
0.2366221,-0.06396736,1.6
0.2344003,-0.0635058,1.6
0.2344003,-0.0635058,1.6
0.2344003,-0.0635058,1.6
0.233485,-0.06354953,1.6
0.233485,-0.06354953,1.6
0.2333248,-0.06289937,1.6
0.2333248,-0.06289937,1.6
0.2333248,-0.06289937,1.6
0.2341392,-0.06251084,1.6
0.2341392,-0.06251084,1.6
0.2341392,-0.06251084,1.6
0.2335396,-0.06196722,1.6
0.2335396,-0.06196722,1.6
0.2330803,-0.06153337,1.6
0.2330803,-0.06153337,1.6
0.2330803,-0.06153337,1.6
0.2324514,-0.06124844,1.6
0.2324514,-0.06124844,1.6
0.2314922,-0.06060924,1.6
0.2314922,-0.06060924,1.6
0.2314922,-0.06060924,1.6
0.2322565,-0.06056335,1.6
0.2322565,-0.06056335,1.6
0.2322565,-0.06056335,1.6
0.2322565,-0.06056335,1.6
0.2322565,-0.06056335,1.6
0.3215483,-0.1501041,1.6
0.3215483,-0.1501041,1.6
0.3215483,-0.1501041,1.6
0.3241807,-0.1499303,1.6
0.3241807,-0.1499303,1.6
0.3241807,-0.1499303,1.6
0.3321269,-0.1498056,1.6
0.3321269,-0.1498056,1.6
0.3373669,-0.1503345,1.6
0.3373669,-0.1503345,1.6
0.3373669,-0.1503345,1.6
0.3396763,-0.1507314,1.6
0.3396763,-0.1507314,1.6
0.3423781,-0.1508997,1.6
0.3423781,-0.1508997,1.6
0.3423781,-0.1508997,1.6
0.3445434,-0.1506161,1.6
0.3445434,-0.1506161,1.6
0.3445434,-0.1506161,1.6
0.3463371,-0.150735,1.6
0.3463371,-0.150735,1.6
0.3476113,-0.1510887,1.6
0.3476113,-0.1510887,1.6
0.3476113,-0.1510887,1.6
0.3485696,-0.1515636,1.6
0.3485696,-0.1515636,1.6
0.3485696,-0.1515636,1.6
0.3485696,-0.1515636,1.6
0.3485696,-0.1515636,1.6
0.3485696,-0.1515636,1.6
0.3485696,-0.1515636,1.6
0.3485696,-0.1515636,1.6
0.2958024,-0.2048951,1.6
0.2958024,-0.2048951,1.6
0.2958024,-0.2048951,1.6
-0.1315851,0.18006,1.6
-0.1315851,0.18006,1.6
-0.1352299,0.1783532,1.6
-0.1352299,0.1783532,1.6
-0.1352299,0.1783532,1.6
-0.1371457,0.1803939,1.6
-0.1371457,0.1803939,1.6
-0.1371457,0.1803939,1.6
-0.1379996,0.1819486,1.6
-0.1379996,0.1819486,1.6
-0.1389906,0.1836974,1.6
-0.1389906,0.1836974,1.6
-0.1389906,0.1836974,1.6
-0.1389906,0.1836974,1.6
-0.1389906,0.1836974,1.6
-0.1969631,0.2002936,1.6
-0.1969631,0.2002936,1.6
-0.1969631,0.2002936,1.6
-0.1968783,0.2010749,1.6
-0.1968783,0.2010749,1.6
-0.1968783,0.2010749,1.6
-0.1959352,0.2023358,1.6
-0.1959352,0.2023358,1.6
-0.1952135,0.2028539,1.6
-0.1952135,0.2028539,1.6
-0.1952135,0.2028539,1.6
-0.1952135,0.2028539,1.6
-0.1952135,0.2028539,1.6
-0.1952135,0.2028539,1.6
-0.2102319,0.206326,1.6
-0.2102319,0.206326,1.6
-0.2103941,0.2059139,1.6
-0.2103941,0.2059139,1.6
-0.2103941,0.2059139,1.6
-0.2104912,0.2054525,1.6
-0.2104912,0.2054525,1.6
-0.2104912,0.2054525,1.6
-0.2113283,0.2048754,1.6
-0.2113283,0.2048754,1.6
-0.2119228,0.205058,1.6
-0.2119228,0.205058,1.6
-0.2119228,0.205058,1.6
-0.2128256,0.2053539,1.6
-0.2128256,0.2053539,1.6
-0.2135041,0.205342,1.6
-0.2135041,0.205342,1.6
-0.2135041,0.205342,1.6
-0.2138386,0.2053168,1.6
-0.2138386,0.2053168,1.6
-0.2138386,0.2053168,1.6
-0.2142966,0.2054515,1.6
-0.2142966,0.2054515,1.6
-0.2145841,0.2055546,1.6
-0.2145841,0.2055546,1.6
-0.2145841,0.2055546,1.6
-0.2148698,0.2056237,1.6
-0.2148698,0.2056237,1.6
-0.2148698,0.2056237,1.6
-0.2151157,0.2055719,1.6
-0.2151157,0.2055719,1.6
-0.215299,0.2056627,1.6
-0.215299,0.2056627,1.6
-0.215299,0.2056627,1.6
-0.2154444,0.2058273,1.6
-0.2154444,0.2058273,1.6
-0.2154444,0.2058273,1.6
-0.2154444,0.2058273,1.6
-0.2154444,0.2058273,1.6
-0.2158795,0.2057718,1.6
-0.2158795,0.2057718,1.6
-0.2158795,0.2057718,1.6
-0.2160666,0.2057195,1.6
-0.2160666,0.2057195,1.6
-0.2160666,0.2057195,1.6
-0.2162044,0.2056978,1.6
-0.2162044,0.2056978,1.6
-0.2162666,0.205743,1.6
-0.2162666,0.205743,1.6
-0.2162666,0.205743,1.6
-0.2163592,0.2056841,1.6
-0.2163592,0.2056841,1.6
-0.2164682,0.2056454,1.6
-0.2164682,0.2056454,1.6
-0.2164682,0.2056454,1.6
-0.2165911,0.2056802,1.6
-0.2165911,0.2056802,1.6
-0.2165911,0.2056802,1.6
-0.2168375,0.2054315,1.6
-0.2168375,0.2054315,1.6
-0.2169804,0.2053282,1.6
-0.2169804,0.2053282,1.6
-0.2169804,0.2053282,1.6
-0.2171489,0.2050206,1.6
-0.2171489,0.2050206,1.6
-0.2171489,0.2050206,1.6
-0.2173347,0.2049885,1.6
-0.2173347,0.2049885,1.6
-0.2173347,0.2049885,1.6
-0.2173347,0.2049885,1.6
-0.2173347,0.2049885,1.6
-0.3018132,0.1329864,1.6
-0.3018132,0.1329864,1.6
-0.3036427,0.1303949,1.6
-0.3036427,0.1303949,1.6
-0.3036427,0.1303949,1.6
-0.3054267,0.1302267,1.6
-0.3054267,0.1302267,1.6
-0.3054267,0.1302267,1.6
-0.3056919,0.1297753,1.6
-0.3056919,0.1297753,1.6
-0.3059577,0.1296282,1.6
-0.3059577,0.1296282,1.6
-0.3059577,0.1296282,1.6
-0.3070064,0.1301246,1.6
-0.3070064,0.1301246,1.6
-0.3073441,0.1298957,1.6
-0.3073441,0.1298957,1.6
-0.3073441,0.1298957,1.6
-0.3078675,0.129844,1.6
-0.3078675,0.129844,1.6
-0.3078675,0.129844,1.6
-0.3078675,0.129844,1.6
-0.3078675,0.129844,1.6
-0.3451109,0.123655,1.6
-0.3451109,0.123655,1.6
-0.3451109,0.123655,1.6
-0.345289,0.1230285,1.6
-0.345289,0.1230285,1.6
-0.345289,0.1230285,1.6
-0.345289,0.1230285,1.6
-0.345289,0.1230285,1.6
-0.3450427,0.1234962,1.6
-0.3450427,0.1234962,1.6
-0.3450427,0.1234962,1.6
-0.3450286,0.1242489,1.6
-0.3450286,0.1242489,1.6
-0.3446714,0.1247511,1.6
-0.3446714,0.1247511,1.6
-0.3446714,0.1247511,1.6
-0.3446425,0.1251855,1.6
-0.3446425,0.1251855,1.6
-0.3446425,0.1251855,1.6
-0.344238,0.1256824,1.6
-0.344238,0.1256824,1.6
-0.3439972,0.1267017,1.6
-0.3439972,0.1267017,1.6
-0.3439972,0.1267017,1.6
-0.3439429,0.127615,1.6
-0.3439429,0.127615,1.6
-0.3439429,0.127615,1.6
-0.3436812,0.1283894,1.6
-0.3436812,0.1283894,1.6
-0.3433988,0.1292072,1.6
-0.3433988,0.1292072,1.6
-0.3433988,0.1292072,1.6
-0.3433131,0.130114,1.6
-0.3433131,0.130114,1.6
-0.3433131,0.130114,1.6
-0.3432313,0.1311425,1.6
-0.3432313,0.1311425,1.6
-0.3434699,0.1320701,1.6
-0.3434699,0.1320701,1.6
-0.3434699,0.1320701,1.6
-0.3434207,0.1329367,1.6
-0.3434207,0.1329367,1.6
-0.3434207,0.1329367,1.6
-0.3432778,0.1333446,1.6
-0.3432778,0.1333446,1.6
-0.3432159,0.1338678,1.6
-0.3432159,0.1338678,1.6
-0.3432159,0.1338678,1.6
-0.3431592,0.1343759,1.6
-0.3431592,0.1343759,1.6
-0.3431592,0.1343759,1.6
-0.3429918,0.1348117,1.6
-0.3429918,0.1348117,1.6
-0.3429568,0.1353521,1.6
-0.3429568,0.1353521,1.6
-0.3429568,0.1353521,1.6
-0.3429437,0.1358399,1.6
-0.3429437,0.1358399,1.6
-0.3429437,0.1358399,1.6
-0.3429437,0.1358399,1.6
-0.3429437,0.1358399,1.6
-0.3429437,0.1358399,1.6
-0.3429437,0.1358399,1.6
-0.3429437,0.1358399,1.6
-0.09767687,0.3104501,1.6
-0.09767687,0.3104501,1.6
-0.09806085,0.31138,1.6
-0.09806085,0.31138,1.6
-0.09806085,0.31138,1.6
-0.09872266,0.3112198,1.6
-0.09872266,0.3112198,1.6
-0.09872266,0.3112198,1.6
-0.1000334,0.3116464,1.6
-0.1000334,0.3116464,1.6
-0.1013611,0.3118266,1.6
-0.1013611,0.3118266,1.6
-0.1013611,0.3118266,1.6
-0.1013611,0.3118266,1.6
-0.1013611,0.3118266,1.6
-0.1013611,0.3118266,1.6
-0.1770007,0.3198758,1.6
-0.1770007,0.3198758,1.6
-0.1844086,0.31417,1.6
-0.1844086,0.31417,1.6
-0.1844086,0.31417,1.6
-0.1875942,0.3106257,1.6
-0.1875942,0.3106257,1.6
-0.1875942,0.3106257,1.6
-0.1900782,0.3084509,1.6
-0.1900782,0.3084509,1.6
-0.1916972,0.3067496,1.6
-0.1916972,0.3067496,1.6
-0.1916972,0.3067496,1.6
-0.193219,0.3070849,1.6
-0.193219,0.3070849,1.6
-0.193219,0.3070849,1.6
-0.1942769,0.305805,1.6
-0.1942769,0.305805,1.6
-0.194985,0.3051761,1.6
-0.194985,0.3051761,1.6
-0.194985,0.3051761,1.6
-0.194955,0.3051568,1.6
-0.194955,0.3051568,1.6
-0.1949063,0.3048594,1.6
-0.1949063,0.3048594,1.6
-0.1949063,0.3048594,1.6
-0.1949037,0.3041937,1.6
-0.1949037,0.3041937,1.6
-0.1949037,0.3041937,1.6
-0.1948661,0.3035573,1.6
-0.1948661,0.3035573,1.6
-0.1947081,0.3031653,1.6
-0.1947081,0.3031653,1.6
-0.1947081,0.3031653,1.6
-0.1947081,0.3031653,1.6
-0.1947081,0.3031653,1.6
-0.1947081,0.3031653,1.6
-0.1947081,0.3031653,1.6
-0.1947081,0.3031653,1.6
-0.01304691,0.3338063,1.6
-0.01304691,0.3338063,1.6
-0.01304691,0.3338063,1.6
-0.01308053,0.3325997,1.6
-0.01308053,0.3325997,1.6
-0.01308053,0.3325997,1.6
-0.0128184,0.3323193,1.6
-0.0128184,0.3323193,1.6
-0.01302745,0.3326601,1.6
-0.01302745,0.3326601,1.6
-0.01302745,0.3326601,1.6
-0.01300296,0.3328785,1.6
-0.01300296,0.3328785,1.6
-0.01287357,0.3322654,1.6
-0.01287357,0.3322654,1.6
-0.01287357,0.3322654,1.6
-0.01295406,0.3320639,1.6
-0.01295406,0.3320639,1.6
-0.01295406,0.3320639,1.6
-0.01305055,0.3319886,1.6
-0.01305055,0.3319886,1.6
-0.01342659,0.3312249,1.6
-0.01342659,0.3312249,1.6
-0.01342659,0.3312249,1.6
-0.01358674,0.3309287,1.6
-0.01358674,0.3309287,1.6
-0.01358674,0.3309287,1.6
-0.01395813,0.3306171,1.6
-0.01395813,0.3306171,1.6
-0.01458424,0.3307035,1.6
-0.01458424,0.3307035,1.6
-0.01458424,0.3307035,1.6
-0.01534542,0.3303099,1.6
-0.01534542,0.3303099,1.6
-0.01534542,0.3303099,1.6
-0.01562035,0.3300953,1.6
-0.01562035,0.3300953,1.6
-0.01562185,0.3299583,1.6
-0.01562185,0.3299583,1.6
-0.01562185,0.3299583,1.6
-0.01562185,0.3299583,1.6
-0.01562185,0.3299583,1.6
-0.01562185,0.3299583,1.6
