0.017172
0.024093
0.024032
0.039806
0.018135
0.002413
0.028172
0.007053
0.026313
0.046951
0.044373
0.021682
0.039849
0.037505
0.127094
0.158707
0.044783
0.180676
0.255005
0.037303
0.069403
0.095737
0.096696
0.004255
0.021038
0.057495
0.039903
0.179493
0.051260
0.031838
0.039893
0.045649
0.038901
0.156050
0.117939
0.249544
0.043148
0.052228
0.021943
0.107890
0.057640
0.120235
0.056734
0.067661
0.329633
0.107419
0.472368
0.199834
0.134282
0.026321
0.045842
0.018592
0.033644
0.120980
0.035944
0.047907
0.146273
0.086470
0.032642
0.031640
0.031621
0.003367
0.032996
0.008365
0.008847
0.045877
0.039631
0.010678
0.005995
0.018023
0.005736
0.010908
0.024993
0.025469
0.007021
0.023029
0.013538
0.154657
0.138522
0.035378
0.155389
0.013064
0.006832
0.002007
0.008328
0.006066
0.024647
0.008262
0.002203
0.008536
0.031243
0.004042
0.016882
0.026581
0.006371
0.031403
0.072681
0.058362
0.075156
0.094621
0.007798
0.031340
0.058222
0.057786
0.010345
0.005241
0.014347
0.004343
0.006152
0.039996
0.003278
0.008190
0.003403
0.021631
0.011521
0.104042
0.046874
0.242935
0.016610
0.066997
0.037298
0.182402
0.049098
0.080087
0.032729
0.017147
0.014960
0.036073
0.025199
0.006857
0.021941
0.030324
0.015334
0.002997
0.002683
0.026908
0.053154
0.033273
0.034728
0.005484
0.029005
0.040868
0.008136
0.000296
0.028267
0.022276
0.011140
0.015331
0.007632
0.007502
0.005205
0.280651
0.050463
0.063090
0.018293
0.168146
0.133447
0.105019
0.245927
0.027765
0.035624
0.060907
0.070257
0.135805
0.101510
0.069982
0.051560
0.301694
0.093094
0.074288
0.091016
0.100336
0.133837
0.035207
0.078827
0.073606
0.078855
0.022673
0.015633
0.087429
0.272172
0.069901
0.004019
0.013553
0.028735
0.027812
0.011356
0.018942
0.037629
0.263725
0.001670
0.000730
0.001845
0.005547
0.025923
0.014497
0.011847
0.015392
0.005194
0.094560
0.038382
0.028976
0.014629
0.012844
0.008192
0.006057
0.011151
0.009143
0.037024
0.013798
0.008026
0.001043
0.005947
0.015646
0.008171
0.042382
0.027723
0.016715
0.002127
0.010900
0.005287
0.005371
0.024004
0.013165
0.048491
0.018126
0.013289
0.017536
0.017212
0.016388
0.038606
0.043570
0.017007
0.026453
0.041396
0.021595
0.012565
0.049557
0.041804
0.059591
0.005904
0.090088
0.020502
0.119018
0.000710
0.024360
0.011320
0.013981
0.012885
0.001131
0.012737
0.005332
0.008643
0.009062
0.040476
0.000616
0.019837
0.008075
0.025717
0.013640
0.003515
0.014420
0.010431
0.009263
0.043134
0.021738
0.014923
0.062133
0.024081
0.024236
0.049545
0.022383
0.043630
0.023079
0.036783
0.043635
0.044094
0.016212
0.028279
0.024397
0.015885
0.045419
0.014400
0.015794
0.018599
0.001663
0.007628
0.011846
0.024067
0.010818
0.012122
0.017028
0.012749
0.015814
0.055055
0.027559
0.039397
0.013204
0.016529
0.027987
0.018019
0.041260
0.009739
0.023727
0.003825
0.005404
0.009868
0.008215
0.013426
0.006212
0.015781
0.021374
0.021170
0.062918
0.022379
0.032276
0.029888
0.053237
0.043359
0.028007
0.019925
0.003586
0.026138
0.019390
0.005623
0.006798
0.035799
0.029937
0.029671
0.052710
0.005205
0.008113
0.014242
0.013309
0.006661
0.027643
0.005641
0.010125
0.026007
0.052246
0.002339
0.002322
0.021254
0.016921
0.002961
0.005411
0.008978
0.003271
0.009381
0.023276
0.003831
0.048638
0.005827
0.009925
0.042120
0.009995
0.008718
0.009734
0.006978
0.003340
0.027611
0.047794
0.004288
0.011198
0.028066
0.026484
0.006774
0.000686
0.042108
0.026625
0.014769
0.003464
0.009584
0.008690
0.013510
0.019435
0.002006
0.002928
0.027413
0.020571
0.012533
0.015075
0.059284
0.047002
0.052282
0.053705
0.037142
0.021639
0.102090
0.176956
0.162227
0.004150
0.135608
0.028703
0.015644
0.016507
0.028012
0.021915
0.023277
0.030489
0.006121
0.002483
0.007704
0.009354
0.001475
0.016738
0.021661
0.017455
0.132843
0.075876
0.119214
0.026317
0.038284
0.006134
0.005011
0.011289
0.005075
0.023848
0.006567
0.002895
0.003328
0.005429
0.020515
0.019843
0.042745
0.016359
0.009789
0.002444
0.010716
0.003093
0.001741
0.009687
0.014775
0.009733
0.214057
0.006173
0.036466
0.037608
0.029021
0.021031
0.011874
0.011104
0.007408
0.007209
0.002982
0.004099
0.008688
0.012766
0.005027
0.023047
0.011141
0.003163
0.003444
0.003958
0.006769
0.009821
0.021973
0.018438
0.018299
0.018743
0.003384
0.017200
0.005348
0.015289
0.013247
0.016097
0.007328
0.000588
0.006434
0.012055
0.043397
0.020743
0.005500
0.004019
0.034319
0.031111
0.023533
0.022027
0.022998
0.019264
0.003871
0.006282
0.026828
0.023270
0.035346
0.041008
0.011063
0.015649
0.003952
0.005582
0.004209
0.005805
0.005194
0.010952
0.022038
0.001175
0.016665
0.031508
0.013063
0.031357
0.010476
0.010187
0.008861
0.016460
0.030796
0.025398
0.015167
0.001946
0.036458
0.021427
0.011910
0.031275
0.019558
0.020150
0.003540
0.080372
0.015557
0.008759
0.015480
0.004790
0.010173
0.028100
0.011694
0.020473
0.015975
0.006492
0.482049
0.226602
0.224620
0.498431
0.144870
0.283978
0.144771
0.177259
0.067220
0.102247
0.032209
0.292703
0.053875
0.070880
0.126955
0.096340
0.022050
0.005938
0.002013
0.000000
0.012767
0.008908
0.002271
0.003075
0.019301
0.003909
0.027090
0.008563
0.007175
0.012148
0.009369
0.017601
0.023888
0.024012
0.311431
0.015321
0.012509
0.006875
0.004014
0.000890
0.014094
0.004088
0.006786
0.014315
0.007248
0.014339
0.008885
0.006118
0.050689
0.005409
0.007579
0.004715
0.001952
0.003929
0.012059
0.013418
0.007149
0.006625
0.010155
0.008994
0.005100
0.017404
0.031080
0.022511
0.003270
0.010997
0.001145
0.008810
0.002670
0.001190
0.012391
0.001474
0.027435
0.016179
0.005474
0.004928
0.005222
0.013573
0.022419
0.016872
0.017785
0.022868
0.019153
0.019588
0.047266
0.016616
0.014915
0.041987
0.167188
0.171504
0.048921
0.067012
0.088894
0.006481
0.003139
0.024857
0.020716
0.007230
0.008706
0.004582
0.009585
0.011412
0.012755
0.152516
0.006749
0.005770
0.012127
0.007847
0.048996
0.072541
0.013818
0.004722
0.007358
0.013876
0.200553
0.083001
0.116674
0.060269
0.005860
0.011514
0.014810
0.027416
0.018467
0.005594
0.008136
0.019930
0.116902
0.033837
0.028446
0.083104
0.002798
0.006726
0.000464
0.025947
0.014218
0.046856
0.058575
0.052689
0.016821
0.025238
0.017792
0.026150
0.003437
0.024875
0.038784
0.175160
0.238790
0.143035
0.051792
0.066034
0.067440
0.068410
0.016689
0.092104
0.052656
0.049870
0.071338
0.030975
0.040695
0.053217
0.022813
0.012372
0.040684
0.014865
0.027233
0.072143
0.005701
0.043399
0.197687
0.046661
0.386534
0.023104
0.094609
0.133579
0.256135
0.324229
0.265862
0.122787
0.056823
0.090712
0.038269
0.068494
0.083194
0.302867
0.116649
0.082554
0.065457
0.172820
0.040615
0.267363
0.132419
0.021679
0.034023
0.067675
0.006655
0.005895
0.001703
0.038296
0.018732
0.027880
0.051821
0.058238
0.008614
0.013993
0.023430
0.002246
0.012422
0.020032
0.039880
0.048069
0.022496
0.018610
0.006330
0.007493
0.005443
0.010948
0.024721
0.006567
0.014486
0.005455
0.009577
0.006935
0.012254
0.014221
0.008067
0.001844
0.101496
0.002194
0.007585
0.069148
0.120153
0.008852
0.010081
0.015525
0.008737
0.004878
0.003385
0.009928
0.002139
0.003355
0.000972
0.002824
0.001328
0.004834
0.003669
0.000466
0.000170
0.010574
0.004608
0.007397
0.005952
0.009365
0.001269
0.006692
0.013868
0.010173
0.003949
0.001563
0.005249
0.001898
0.017265
0.005320
0.002556
0.005212
0.003358
0.000953
0.008423
0.003323
0.002848
0.002418
0.003034
0.004846
0.001194
0.005533
0.002272
0.001491
0.001327
0.003809
0.003052
0.032571
0.032539
0.012272
0.032898
0.018731
0.035385
0.016861
0.034532
0.212579
0.051522
0.018210
0.461830
0.400078
0.190919
0.292403
0.360861
0.030376
0.026640
0.025521
0.018857
0.011210
0.008401
0.017022
0.008892
0.010941
0.001058
0.005026
0.012608
0.019056
0.007750
0.008316
0.003740
0.002128
0.003928
0.002218
0.002571
0.015373
0.000643
0.018795
0.050756
0.005592
0.010745
0.009298
0.004937
0.010093
0.036815
0.028381
0.030952
0.021621
0.049018
0.007817
0.038897
0.012723
0.029339
0.008797
0.011395
0.001536
0.010961
0.002262
0.003423
0.021626
0.003339
0.003449
0.005471
0.038251
0.005352
0.005285
0.007548
0.005290
0.004344
0.003525
0.019308
0.010521
0.016002
0.015897
0.028811
0.016636
0.012094
0.005686
0.043275
0.022048
0.002693
0.004607
0.018913
0.307495
0.115997
0.186385
0.279276
0.134069
0.062780
0.027905
0.004259
0.059787
0.027042
0.039026
0.039025
0.007232
0.004139
0.005230
0.002769
0.007932
0.005770
0.005044
0.007212
0.000746
0.000647
0.025418
0.061146
0.013435
0.033939
0.059409
0.018007
0.005566
0.014015
0.001039
0.001742
0.003581
0.002713
0.003963
0.001213
0.008309
0.004487
0.027072
0.030245
0.021408
0.001132
0.006267
0.005777
0.002721
0.011820
0.002825
0.003198
0.023917
0.006562
0.007776
0.074477
0.026059
0.079223
0.036956
0.026058
0.006428
0.015100
0.018117
0.079125
0.053121
0.027272
0.031273
0.038702
0.080431
0.006445
0.079149
0.015651
0.010209
0.004400
0.011780
0.019630
0.025961
0.017208
0.025328
0.031971
0.095020
0.008857
0.011449
0.018329
0.035210
0.025877
0.026268
0.012417
0.005317
0.010859
0.018348
0.006050
0.028773
0.009924
0.024860
0.007263
0.033549
0.017104
0.006634
0.043694
0.044295
0.066601
0.053939
0.100521
0.097201
0.211575
0.066565
0.021400
0.174530
0.158104
0.159513
0.033940
0.040502
0.036801
0.036034
0.022972
0.027494
0.116734
0.031653
0.024631
0.135247
0.062207
0.014941
0.042580
0.030521
0.022393
0.011514
0.047560
0.015023
0.035527
0.009342
0.025140
0.021339
0.018656
0.073724
0.038479
0.029200
0.012525
0.014262
0.030556
0.029861
0.028793
0.024493
0.015615
0.024023
0.082782
0.111709
0.103704
0.064654
0.066496
0.006686
0.017924
0.044188
0.014488
0.029340
0.095217
0.142951
0.029120
0.021303
0.027037
0.012057
0.005251
0.021406
0.009008
0.003774
0.003199
0.005253
0.002305
0.009437
0.007523
0.003080
0.019383
0.018500
0.004522
0.027282
0.006134
0.008213
0.005264
0.032230
0.012627
0.028593
0.009887
0.048095
0.015254
0.018668
0.055519
0.020382
0.007027
0.002137
0.007028
0.042343
0.070538
0.060418
0.070706
0.124430
0.036907
0.087825
0.100678
0.074861
0.023162
0.054030
0.068952
0.011963
0.002832
0.005819
0.013811
0.004302
0.007160
0.008194
0.003828
0.000132
0.000983
0.010572
0.003604
0.001003
0.000540
0.002133
0.008939
0.004096
0.003922
0.014777
0.003529
0.001750
0.001166
0.009871
0.006188
0.009496
0.000909
0.008223
0.012107
0.006436
0.007939
0.000350
0.000897
0.007346
0.001560
0.004233
0.018714
0.015008
0.007024
0.012513
0.008834
0.005351
0.026977
0.007521
0.015986
0.020497
0.008034
0.005807
0.016237
0.009437
0.008997
0.002437
0.002814
0.002085
0.014134
0.026390
0.135370
0.040224
0.025822
0.009020
0.066855
0.011643
0.007594
0.002077
0.021077
0.002987
0.004116
0.009426
0.061562
0.003605
0.002116
0.009316
0.004855
0.008188
0.018761
0.018395
0.007685
0.013419
0.020908
0.019974
0.014490
0.106391
0.007592
0.019683
0.007308
0.011408
0.020537
0.007055
0.016235
0.033589
0.007211
0.164236
0.174768
0.035892
0.263199
0.144237
0.321662
0.162533
0.089114
0.113995
0.327290
0.190985
0.025504
0.017258
0.016752
0.011757
0.008489
0.011694
0.025657
0.028153
0.043689
0.014875
0.008432
0.017808
0.054757
0.036538
0.023021
0.022121
0.020729
0.025165
0.047130
0.055734
0.007962
0.013453
0.029116
0.031534
0.022200
0.065933
0.004294
0.105345
0.109217
0.073745
0.057835
0.010248
0.019108
0.043759
0.034753
0.033851
0.047629
0.033948
0.027460
0.035351
0.009603
0.025560
0.040519
0.036801
0.008895
0.012107
0.015230
0.042411
0.114285
0.219498
0.187043
0.063231
0.109120
0.113481
0.080425
0.033510
0.016412
0.026446
0.041549
0.015814
0.024336
0.020613
0.029194
0.025913
0.027132
0.119588
0.043165
0.062646
0.342244
0.064087
0.003959
0.032344
0.176357
0.240990
0.361091
0.240835
0.056716
0.164751
0.109513
0.198443
0.268953
0.065329
0.206015
0.138264
0.037589
0.186714
0.121814
0.069319
0.108940
0.037390
0.014940
0.149899
0.122720
0.036871
0.025404
0.004609
0.141485
0.013643
0.023897
0.019870
0.041782
0.022634
0.046003
0.077053
0.023136
0.036793
0.016196
0.014184
0.024193
0.002147
0.043617
0.019727
0.009877
0.018889
0.007714
0.029241
0.010239
0.006104
0.011932
0.003421
0.027715
0.022420
0.015831
0.020469
0.034993
0.027221
0.012016
0.006115
0.023609
0.008674
0.008538
0.008732
0.004247
0.009043
0.014942
0.037629
0.027933
0.012122
0.015263
0.018751
0.023430
0.021281
0.009105
0.010566
0.033140
0.042491
0.073715
0.017140
0.004649
0.026071
0.041910
0.038332
0.026493
0.010428
0.018882
0.026658
0.005286
0.005891
0.011059
0.024867
0.004193
0.012090
0.018245
0.004882
0.005202
0.036727
0.016004
0.013324
0.011172
0.057005
0.028070
0.008272
0.012067
0.016152
0.016430
0.039939
0.038642
0.030724
0.027601
0.025226
0.036851
0.009172
0.007302
0.017737
0.001912
0.017217
0.008529
0.024945
0.007796
0.006910
0.017953
0.014530
0.025947
0.029166
0.012226
0.014114
0.011530
0.025098
0.003155
0.018113
0.015143
0.006392
0.010774
0.038961
0.012651
0.045068
0.054876
0.047758
0.012360
0.005248
0.031378
0.037122
0.024626
0.015698
0.022408
0.041370
0.076840
0.074930
0.078437
0.202636
0.164948
0.090581
0.207521
0.219304
0.139214
0.069825
0.106018
0.215318
0.279933
0.312440
0.166101
0.292456
0.107610
0.205781
0.280078
0.257481
0.189129
0.239901
0.078863
0.071795
0.011593
0.008724
0.052467
0.044083
0.040121
0.013217
0.050186
0.152569
0.253147
0.108540
0.222924
0.185766
0.192629
0.048550
0.030111
0.017075
0.029457
0.038568
0.012790
0.005523
0.011296
0.024730
0.047982
0.009644
0.019177
0.006378
0.010598
0.008882
0.020141
0.066150
0.201570
0.244341
0.213563
0.126425
0.195516
0.225539
0.189286
0.060009
0.080947
0.079251
0.036249
0.078086
0.059066
0.134010
0.089246
0.087065
0.024586
0.051577
0.141843
0.061703
0.122375
0.170852
0.186717
0.167805
0.160137
0.151510
0.149407
0.192751
0.177001
0.048877
0.048535
0.117978
0.228400
0.223226
0.229665
0.192087
0.049288
0.014225
0.061707
0.014283
0.018438
0.010118
0.019070
0.036367
0.257271
0.221032
0.235824
0.097658
0.267080
0.121790
0.156593
0.150940
0.133256
0.216009
0.080042
0.047232
0.196661
0.029314
0.021265
0.005306
0.046706
0.022028
0.088599
0.105779
0.053676
0.242218
0.250246
0.004084
0.010592
0.012989
0.214509
0.004641
0.303752
0.471277
0.094555
0.141108
0.186072
0.224404
0.122452
0.113865
0.256648
0.206678
0.197569
0.194287
0.318367
0.373353
0.337329
0.283823
0.272914
0.266838
0.402604
0.188956
0.207253
0.288737
0.264863
0.283667
0.326889
0.349042
0.309859
0.136090
0.079788
0.148547
0.163177
0.158100
0.179323
0.227802
0.172218
0.361431
0.134041
0.117984
0.141011
0.229908
0.133938
0.091447
0.095012
0.125726
0.114238
0.286110
0.087746
0.048290
0.198994
0.114206
0.027438
0.072131
0.333498
0.143812
0.264844
0.125069
0.083084
0.065584
0.321931
0.387075
0.269503
0.118285
0.045343
0.104931
0.228394
0.137190
0.028930
0.058295
0.128202
0.286934
0.379018
0.272848
0.069000
0.045940
0.026895
0.022937
0.072247
0.117274
0.026052
0.020398
0.176770
0.249154
0.138733
0.024346
0.014966
0.023709
0.117007
0.090021
0.076159
0.038096
0.020143
0.133136
0.219484
0.197602
0.086618
0.036789
0.017419
0.009420
0.112904
0.144297
0.086126
0.085598
0.269416
0.293876
0.150869
0.025387
0.059913
0.021736
0.124737
0.029364
0.120619
0.062848
0.016248
0.129275
0.259023
0.153005
0.076505
0.151818
0.281979
0.383459
0.298183
0.426391
0.146908
0.293402
0.469146
0.091998
0.354909
0.085033
0.156408
0.344071
0.402838
0.387678
0.313275
0.430105
0.366751
0.163082
0.128952
0.254432
0.138409
0.259913
0.252747
0.090032
0.126408
0.296982
0.255491
0.322019
0.255647
0.255814
0.296834
0.070532
0.061675
0.259349
0.198207
0.292805
0.357561
0.065808
0.098721
0.350377
0.306660
0.314504
0.220527
0.303228
0.320242
0.030774
0.039117
0.056300
0.029774
0.150552
0.187391
0.101845
0.124542
0.080016
0.061970
0.129087
0.306198
0.223163
0.262620
0.315158
0.219476
0.220143
0.240081
0.286391
0.362084
0.097546
0.105892
0.094030
0.056702
0.048642
0.119089
0.183165
0.123800
0.108647
0.143384
0.086324
0.072978
0.212404
0.079535
0.060877
0.095990
0.218034
0.067612
0.082284
0.037643
0.076495
0.257097
0.084045
0.080851
0.179559
0.070949
0.177430
0.038503
0.110934
0.191819
0.036196
0.039216
0.034657
0.049242
0.210072
0.038138
0.034602
0.172749
0.113365
0.113524
0.093407
0.252175
0.380474
0.077030
0.077294
0.081844
0.146735
0.340753
0.068965
0.073969
0.296850
0.078625
0.189284
0.232940
0.116068
0.190755
0.353254
0.345724
0.263702
0.055144
0.149779
0.125903
0.053061
0.102373
0.158624
0.127984
0.086997
0.085634
0.100370
0.099235
0.105088
0.092825
0.084700
0.102185
0.081597
0.074649
0.044341
0.034764
0.022669
0.013928
0.014206
0.010709
0.040916
0.019196
0.027807
0.016854
0.050126
0.059911
0.059055
0.063076
0.068555
0.060614
0.044419
0.036075
0.049523
0.057664
0.199076
0.178726
0.166379
0.129818
0.101751
0.288696
0.189557
0.179836
0.068606
0.100214
0.082659
0.111916
0.093566
0.096701
0.087920
0.062744
0.041378
0.029271
0.042863
0.071055
0.141601
0.150169
0.123886
0.055603
0.041971
0.029641
0.030440
0.015340
0.011810
0.013008
0.015538
0.019203
0.030921
0.005990
0.029992
0.017196
0.007322
0.023461
0.052696
0.084075
0.086368
0.035929
0.061636
0.180436
0.097499
0.048293
0.060630
0.244728
0.139834
0.162009
0.212081
0.011198
0.035134
0.092121
0.156638
0.012151
0.078640
0.083993
0.008089
0.170492
0.187984
0.041567
0.069120
0.051282
0.030560
0.061224
0.030569
0.043459
0.131969
0.076408
0.158333
0.228557
0.211107
0.215906
0.233729
0.255695
0.241049
0.235787
0.248058
0.220467
0.240028
0.231341
0.243438
0.236534
0.261266
0.264185
0.228904
0.207385
0.241942
0.234691
0.249224
0.236182
0.250737
0.246637
0.245940
0.243175
0.232582
0.233554
0.151795
0.088440
0.193764
0.208570
0.091030
0.170671
0.247912
0.326471
0.358996
0.093865
0.068162
0.067008
0.049981
0.036256
0.126443
0.064840
0.052562
0.012068
0.014475
0.002538
0.003354
0.094127
0.008725
0.019446
0.013879
0.015544
0.049659
0.049769
0.110330
0.006408
0.044610
0.068686
0.059736
0.110407
0.088763
0.109443
0.066331
0.103900
0.102037
0.103401
0.094625
0.087465
0.086514
0.114063
0.097943
0.046138
0.053496
0.133871
0.140009
0.056728
0.119016
0.211069
0.200177
0.237599
0.232881
0.207847
0.044586
0.065183
0.144684
0.125633
0.269684
0.263894
0.206939
0.112127
0.127207
0.122257
0.101082
0.132497
0.123304
0.099876
0.107736
0.103196
0.036978
0.048948
0.017017
0.016257
0.056396
0.023456
0.022564
0.026557
0.030139
0.036392
0.067436
0.050615
0.063721
0.081566
0.083681
0.093421
0.139931
0.127725
0.117270
0.112393
0.104679
0.065944
0.070270
0.060029
0.092665
0.116233
0.092153
0.120979
0.163255
0.161088
0.192371
0.089023
0.086951
0.118467
0.114353
0.091921
0.110660
0.130113
0.102590
0.117862
0.108054
0.111271
0.128060
0.175216
0.160415
0.106695
0.151042
0.154628
0.007257
0.008243
0.005769
0.007074
0.013427
0.010274
0.011562
0.022778
0.017032
0.019005
0.028216
0.027378
0.028165
0.030418
0.053245
0.010669
0.053344
0.041343
0.050017
0.033209
0.044249
0.037854
0.009624
0.019049
0.018914
0.026710
0.043958
0.037535
0.024992
0.015521
0.012344
0.037793
0.039844
0.050816
0.042013
0.029268
0.039377
0.020085
0.020344
0.081158
0.085654
0.114188
0.104608
0.029848
0.090262
0.080889
0.070611
0.046490
0.060255
0.006603
0.029478
0.062334
0.022242
0.027135
0.017676
0.021844
0.022019
0.011907
0.113906
0.195040
0.220830
0.220266
0.221546
0.236187
0.209119
0.129372
0.118754
0.091536
0.134854
0.136188
0.241401
0.175289
0.090923
0.109856
0.118177
0.079034
0.067746
0.113496
0.172229
0.258186
0.304590
0.338791
0.345343
0.257343
0.250957
0.210473
0.232869
0.133476
0.208277
0.211682
0.226845
0.181645
0.096592
0.192053
0.210295
0.122351
0.144798
0.133473
0.213236
0.233109
0.084558
0.161449
0.236450
0.198610
0.213903
0.202684
0.198675
0.217613
0.219039
0.201034
0.199275
0.221730
0.228329
0.165048
0.181278
0.229516
0.229536
0.152364
0.207475
0.103158
0.210464
0.189170
0.201896
0.222346
0.191079
0.130008
0.218927
0.217259
0.015647
0.036316
0.029144
0.001049
0.049998
0.055314
0.096430
0.066327
0.012302
0.023463
0.012267
0.006386
0.074082
0.072972
0.027942
0.049029
0.038344
0.023263
0.037982
0.005023
0.006886
0.011144
0.011882
0.009963
0.022461
0.041334
0.028316
0.015574
0.009771
0.041161
0.008544
0.009685
0.019379
0.028086
0.011433
0.019038
0.021241
0.016110
0.046203
0.005335
0.017814
0.023957
0.027429
0.042037
0.042548
0.029253
0.042974
0.007432
0.037339
0.023572
0.036036
0.033240
0.018539
0.011765
0.024892
0.047020
0.049344
0.015763
0.007601
0.037934
0.023868
0.034877
0.019381
0.010046
0.005019
0.006889
0.026092
0.021096
0.006355
0.005246
0.015433
0.012344
0.005289
0.063439
0.048145
0.020640
0.086840
0.056246
0.104503
0.003764
0.007684
0.059969
0.099340
0.060927
0.046028
0.049772
0.041966
0.008005
0.075243
0.022618
0.051937
0.037153
0.061133
0.069180
0.097978
0.017369
0.002534
0.070678
0.023388
0.051631
0.018190
0.002417
0.010362
0.032973
0.068337
0.006034
0.023527
0.034060
0.043919
0.002262
0.006979
0.012888
0.014179
0.022289
0.025006
0.008105
0.047759
0.027774
0.026614
0.032121
0.000796
0.016701
0.008216
0.030475
0.028554
0.003390
0.005098
0.020000
0.004791
0.005853
0.018444
0.010124
0.023035
0.022040
0.006103
0.008522
0.045833
0.027152
0.006857
0.020765
0.003384
0.005936
0.017241
0.008618
0.006466
0.007868
0.006700
0.012423
0.041370
0.019118
0.011715
0.031268
0.014253
0.016363
0.012711
0.028271
0.017766
0.015441
0.010788
0.018030
0.026709
0.012709
0.010375
0.006331
0.018430
0.003034
0.015288
0.018915
0.005873
0.014565
0.031848
0.006894
0.011033
0.017644
0.034264
0.025116
0.004144
0.049831
0.033321
0.026432
0.031737
0.027851
0.020978
0.035935
0.009685
0.015898
0.017690
0.018817
0.015497
0.009561
0.008810
0.028568
0.015379
0.022746
0.033257
0.004294
0.003090
0.029977
0.009939
0.017265
0.010459
0.007783
0.008889
0.027941
0.040936
0.029251
0.012258
0.022511
0.040839
0.013708
0.006134
0.040340
0.012970
0.040961
0.025379
0.014125
0.006089
0.047509
0.073008
0.010218
0.016894
0.095502
0.050686
0.021736
0.022349
0.028167
0.027651
0.114862
0.199145
0.270745
0.025527
0.017507
0.013475
0.012544
0.024083
0.078965
0.099622
0.020206
0.022265
0.177774
0.425283
0.359173
0.246267
0.402519
0.327719
0.125137
0.128485
0.233201
0.250768
0.280987
0.005750
0.006311
0.019649
0.026015
0.010381
0.002536
0.031992
0.009773
0.021667
0.053450
0.045628
0.020658
0.100465
0.063701
0.041373
0.018140
0.047287
0.046092
0.016156
0.014587
0.033375
0.049700
0.053096
0.016492
0.015151
0.010888
0.005395
0.029074
0.008534
0.007362
0.034497
0.307037
0.067805
0.288767
0.040805
0.252291
0.316920
0.102504
0.039323
0.030662
0.076815
0.011807
0.045883
0.103372
0.214100
0.149851
0.048576
0.010829
0.028048
0.003143
0.094369
0.026506
0.021613
0.019391
0.264010
0.244999
0.099664
0.363204
0.244680
0.036291
0.016975
0.031006
0.063562
0.278493
0.328483
0.399243
0.306260
0.042440
0.046660
0.027508
0.015920
0.004682
0.013848
0.044069
0.005901
0.271908
0.322635
0.314205
0.275980
0.216569
0.033223
0.164883
0.163731
0.032395
0.197530
0.045850
0.034812
0.233134
0.038413
0.005902
0.042258
0.000994
0.283253
0.282932
0.135224
0.037710
0.337634
0.315817
0.006800
0.011317
0.024646
0.392637
0.000542
0.480054
0.357822
0.097943
0.100405
0.290976
0.161210
0.142235
0.195234
0.301417
0.335344
0.301718
0.317600
0.351391
0.337660
0.368282
0.356650
0.373352
0.359190
0.358644
0.309407
0.313032
0.342990
0.352244
0.324185
0.326994
0.255261
0.299842
0.259467
0.098493
0.260403
0.227174
0.244847
0.294976
0.298698
0.319385
0.374895
0.057031
0.057096
0.144718
0.171641
0.097216
0.105771
0.059886
0.119306
0.204536
0.226279
0.184450
0.060010
0.206223
0.179775
0.153347
0.155210
0.107125
0.089699
0.134727
0.116861
0.110418
0.142717
0.134824
0.101682
0.146320
0.230694
0.118794
0.067531
0.072172
0.111971
0.163502
0.229981
0.249665
0.191148
0.381148
0.319915
0.275281
0.387708
0.323118
0.235066
0.121736
0.089156
0.223229
0.206505
0.219099
0.205276
0.198990
0.113408
0.169431
0.089265
0.199590
0.176858
0.059028
0.222228
0.209659
0.113503
0.187034
0.204473
0.179903
0.287820
0.202369
0.200864
0.211693
0.206822
0.206541
0.201279
0.205270
0.187014
0.218052
0.210405
0.195357
0.162959
0.227625
0.226754
0.286956
0.181332
0.211182
0.116154
0.188633
0.206475
0.189805
0.216353
0.121058
0.019794
0.066628
0.162811
0.166767
0.178003
0.062070
0.244944
0.240942
0.206216
0.220742
0.246875
0.203794
0.207322
0.227611
0.227357
0.229412
0.111735
0.196282
0.224131
0.130614
0.056053
0.157667
0.105514
0.109007
0.067487
0.082282
0.126906
0.212519
0.095451
0.147496
0.044790
0.079065
0.276866
0.074562
0.030738
0.111136
0.194211
0.136338
0.331111
0.119129
0.264971
0.381633
0.303180
0.063867
0.078645
0.125176
0.254170
0.139446
0.220569
0.104577
0.041224
0.260543
0.373011
0.283343
0.128193
0.054962
0.030297
0.040691
0.079919
0.123938
0.069318
0.020845
0.019647
0.252030
0.179876
0.022179
0.029832
0.027021
0.143342
0.102315
0.112223
0.025305
0.024389
0.191937
0.220873
0.131792
0.017652
0.047601
0.085643
0.040587
0.078184
0.148070
0.104024
0.020705
0.022901
0.300641
0.273311
0.100091
0.101417
0.022694
0.140224
0.037515
0.122957
0.020678
0.076385
0.158080
0.269558
0.129800
0.015499
0.074939
0.132400
0.160735
0.090164
0.192960
0.271826
0.322921
0.099021
0.403060
0.249685
0.122489
0.486891
0.322617
0.123088
0.061225
0.388046
0.317543
0.294239
0.366889
0.071983
0.127246
0.364530
0.412435
0.136630
0.232009
0.243174
0.254536
0.070209
0.039284
0.267639
0.279299
0.253053
0.320647
0.057621
0.053052
0.288825
0.253456
0.204958
0.263018
0.386898
0.310693
0.121471
0.066569
0.317753
0.373575
0.232995
0.348527
0.013794
0.063753
0.356851
0.306986
0.033846
0.054718
0.134280
0.162932
0.044455
0.084097
0.110245
0.050591
0.149770
0.230212
0.231333
0.309442
0.254540
0.193432
0.107785
0.326955
0.112302
0.082706
0.044956
0.093573
0.087074
0.259044
0.100774
0.072843
0.091669
0.106010
0.242897
0.136211
0.051215
0.255500
0.082657
0.028884
0.043268
0.047106
0.217245
0.090326
0.052097
0.033972
0.041993
0.187438
0.104291
0.126079
0.164078
0.227300
0.107622
0.075332
0.069449
0.379281
0.191059
0.046594
0.077073
0.062467
0.301491
0.233163
0.054095
0.221220
0.158377
0.301711
0.140156
0.129120
0.216280
0.296045
0.124825
0.110370
0.144797
0.175112
0.101903
0.100223
0.111857
0.114681
0.106396
0.117923
0.095920
0.097684
0.115879
0.084195
0.041541
0.051239
0.011853
0.016612
0.011929
0.013750
0.042078
0.028185
0.022412
0.019370
0.054887
0.045353
0.060512
0.061753
0.057327
0.064099
0.036078
0.031610
0.051506
0.056009
0.079788
0.056776
0.067911
0.071716
0.018279
0.038733
0.055548
0.085423
0.038024
0.096087
0.046722
0.121006
0.123897
0.086063
0.059160
0.122732
0.040171
0.057182
0.047117
0.043051
0.034276
0.037607
0.024480
0.011609
0.016926
0.040567
0.029121
0.006934
0.114918
0.094907
0.061986
0.020663
0.067682
0.165839
0.021188
0.226889
0.199713
0.074092
0.040117
0.066782
0.211339
0.274840
0.282022
0.278868
0.244702
0.256787
0.234049
0.138421
0.061257
0.127291
0.119592
0.058924
0.217987
0.206028
0.247704
0.183162
0.053631
0.020066
0.085494
0.056379
0.041428
0.023044
0.091845
0.160067
0.215497
0.129123
0.254066
0.227746
0.252390
0.263487
0.237016
0.252863
0.240833
0.244721
0.234508
0.240338
0.278306
0.241332
0.243604
0.244309
0.257824
0.275336
0.241414
0.259916
0.072954
0.168847
0.160916
0.063693
0.100073
0.299850
0.288928
0.158582
0.049069
0.053723
0.022900
0.026291
0.039910
0.063639
0.115088
0.009432
0.011026
0.006498
0.008962
0.032370
0.002265
0.080145
0.012177
0.021984
0.040371
0.040328
0.028596
0.011631
0.101424
0.048040
0.055040
0.086040
0.098374
0.105362
0.069324
0.117017
0.101645
0.101706
0.090359
0.094105
0.099094
0.119509
0.085072
0.057936
0.056114
0.147455
0.141090
0.134792
0.049589
0.077668
0.214635
0.221738
0.270504
0.271264
0.217203
0.127389
0.225430
0.150048
0.049534
0.036307
0.104264
0.238377
0.109618
0.138782
0.140007
0.124785
0.133778
0.139332
0.122886
0.107257
0.094447
0.112053
0.099477
0.103710
0.109348
0.034357
0.010752
0.018551
0.027280
0.021822
0.043947
0.033895
0.067129
0.059818
0.096475
0.091914
0.100570
0.139348
0.149446
0.128097
0.137298
0.114494
0.083914
0.065335
0.079077
0.056035
0.110907
0.126469
0.076589
0.031384
0.140438
0.159036
0.146718
0.163122
0.196271
0.094126
0.120563
0.141093
0.127864
0.132514
0.117466
0.140828
0.126444
0.181205
0.193057
0.161245
0.166296
0.120504
0.003787
0.003463
0.008155
0.008128
0.011457
0.013953
0.012917
0.030764
0.004516
0.008169
0.017702
0.016275
0.014567
0.031741
0.035749
0.023501
0.042787
0.050177
0.028307
0.049155
0.010882
0.033470
0.019406
0.014125
0.021745
0.036442
0.045147
0.016706
0.029218
0.012510
0.052206
0.048149
0.038453
0.037515
0.033555
0.032977
0.026870
0.034489
0.030673
0.016700
0.005316
0.005070
0.087838
0.125374
0.097694
0.093391
0.096960
0.056009
0.035744
0.060804
0.038205
0.022686
0.020638
0.027801
0.028263
0.017097
0.019309
0.119730
0.009270
0.013611
0.031993
0.016763
0.018196
0.013496
0.028797
0.018578
0.056692
0.032947
0.032130
0.022346
0.019497
0.010078
0.014866
0.017845
0.005426
0.005888
0.046896
0.011267
0.007121
0.016889
0.069421
0.009256
0.003214
0.009523
0.006490
0.004703
0.001444
0.002800
0.004525
0.001756
0.009101
0.008003
0.014246
0.014424
0.009317
0.003007
0.004684
0.008282
0.004495
0.013744
0.010261
0.004476
0.004950
0.005629
0.040882
0.004877
0.011260
0.003161
0.001146
0.007015
0.001998
0.002984
0.012788
0.014424
0.005165
0.006045
0.001887
0.001860
0.005558
0.010855
0.009357
0.005343
0.012497
0.015104
0.012073
0.011095
0.036513
0.017785
0.012314
0.005973
0.014517
0.017928
0.001566
0.007522
0.022518
0.008248
0.004657
0.021897
0.026795
0.014564
0.008085
0.019442
0.009228
0.006245
0.004109
0.003897
0.013436
0.007694
0.007092
0.001960
0.007766
0.011959
0.003373
0.005780
0.024088
0.005293
0.004770
0.025155
0.018564
0.015541
0.011220
0.004211
0.008600
0.004721
0.006481
0.006810
0.001965
0.005252
0.008553
0.004654
0.001840
0.004155
0.005272
0.010090
0.029149
0.005501
0.017707
0.037041
0.003619
0.017572
0.028231
0.053563
0.008389
0.024082
0.061948
0.007531
0.015167
0.023119
0.018128
0.022947
0.016592
0.008813
0.065313
0.065036
0.009855
0.009192
0.010472
0.021865
0.033436
0.012776
0.015092
0.017368
0.022314
0.013391
0.011243
0.013141
0.003506
0.006899
0.005205
0.019839
0.021891
0.004837
0.012263
0.026989
0.031353
0.017752
0.015219
0.018424
0.017693
0.045887
0.014401
0.017069
0.025086
0.006709
0.042615
0.007988
0.002170
0.064971
0.017558
0.009338
0.012095
0.001712
0.004484
0.001419
0.005677
0.005904
0.010296
0.014756
0.008426
0.003756
0.005778
0.000617
0.011359
0.012812
0.003538
0.006472
0.013548
0.003558
0.008851
0.004526
0.012222
0.003228
0.004495
0.002834
0.002861
0.002921
0.013176
0.001996
0.000635
0.005562
0.004705
0.007965
0.013688
0.006886
0.019788
0.013868
0.008688
0.014882
0.016142
0.010904
0.013126
0.021307
0.029932
0.001279
0.022025
0.007452
0.002019
0.011338
0.025853
0.024626
0.005210
0.017767
0.006877
0.006214
0.002972
0.001903
0.006374
0.008944
0.011028
0.003076
0.001687
0.010275
0.007998
0.009197
0.010086
0.016062
0.019067
0.000933
0.014082
0.009090
0.000471
0.039286
0.006984
0.001994
0.002854
0.005276
0.001949
0.010713
0.006900
0.009871
0.001308
0.005760
0.032511
0.001925
0.040321
0.006690
0.056041
0.004075
0.016381
0.007580
0.063488
0.020411
0.010994
0.061785
0.069642
0.006706
0.067410
0.074165
0.053046
0.052055
0.128031
0.149688
0.161874
0.059031
0.048697
0.152797
0.169315
0.051756
0.069745
0.188252
0.096180
0.173074
0.215786
0.090738
0.066153
0.167232
0.232582
0.175747
0.024639
0.048894
0.096390
0.120063
0.071239
0.113385
0.024920
0.131169
0.161109
0.047446
0.115343
0.043158
0.086831
0.224793
0.074506
0.067391
0.056833
0.152995
0.059919
0.056954
0.037415
0.128948
0.042478
0.035979
0.024720
0.071029
0.024424
0.050178
0.050411
0.042531
0.034941
0.051683
0.021532
0.068993
0.017030
0.048198
0.025045
0.097761
0.109162
0.059720
0.048296
0.062989
0.068933
0.067942
0.124101
0.151970
0.056491
0.065280
0.080806
0.100962
0.072446
0.086103
0.250543
0.061355
0.051006
0.121701
0.110030
0.100957
0.201012
0.166859
0.337131
0.282187
0.292046
0.305048
0.062185
0.071705
0.156700
0.060100
0.179421
0.331092
0.364546
0.163224
0.372430
0.402051
0.439650
0.316390
0.387997
0.142921
0.417772
0.476110
0.451883
0.410330
0.401493
0.448049
0.396731
0.404748
0.413761
0.502119
0.287590
0.546990
0.484467
0.429076
0.383474
0.225475
0.129509
0.136124
0.287464
0.191501
0.101396
0.189290
0.178327
0.147706
0.306500
0.051231
0.055553
0.100764
0.246102
0.316536
0.089697
0.079225
0.247858
0.331433
0.130148
0.069088
0.237577
0.389373
0.123626
0.196605
0.470093
0.632552
0.384491
0.052296
0.018883
0.254317
0.409014
0.062106
0.164024
0.062003
0.114584
0.148647
0.059283
0.133511
0.051377
0.033234
0.075717
0.063707
0.076262
0.086141
0.133769
0.064109
0.034699
0.132354
0.088750
0.135214
0.108119
0.039823
0.029524
0.077688
0.054648
0.038278
0.136395
0.112341
0.247501
0.202793
0.379003
0.404646
0.344011
0.192595
0.442511
0.427595
0.375730
0.288990
0.402393
0.306890
0.447408
0.299862
0.417154
0.226594
0.039324
0.126490
0.141124
0.036560
0.046948
0.089935
0.132735
0.152116
0.080459
0.072290
0.093825
0.088988
0.055006
0.011064
0.094815
0.077845
0.077850
0.082758
0.067541
0.137163
0.008711
0.019693
0.067145
0.047755
0.016618
0.041563
0.008859
0.045169
0.075861
0.177409
0.075952
0.073816
0.165102
0.201856
0.144485
0.174670
0.059015
0.063410
0.115133
0.037447
0.130079
0.145717
0.107512
0.097638
0.076397
0.113429
0.144970
0.094088
0.097209
0.135656
0.096100
0.064089
0.006155
0.064789
0.189482
0.096785
0.069458
0.058474
0.018689
0.021737
0.194303
0.230560
0.174268
0.075592
0.150110
0.200161
0.068056
0.152369
0.135632
0.219257
0.357002
0.374488
0.309863
0.167965
0.121020
0.275264
0.292224
0.088062
0.052980
0.015837
0.053256
0.183082
0.073303
0.002950
0.006062
0.016240
0.041159
0.075553
0.139615
0.091599
0.113207
0.018418
0.047227
0.058907
0.071238
0.088887
0.108096
0.083123
0.025219
0.025529
0.074514
0.107818
0.070918
0.092329
0.141897
0.157322
0.123179
0.091969
0.036250
0.028056
0.066790
0.093099
0.002671
0.010826
0.016702
0.004933
0.003616
0.005142
0.006181
0.012993
0.002088
0.009215
0.026419
0.007785
0.069385
0.035206
0.008734
0.011450
0.042540
0.138703
0.203764
0.088067
0.042366
0.096639
0.021372
0.021404
0.162492
0.138135
0.003700
0.007733
0.006200
0.001536
0.005989
0.240348
0.140729
0.008399
0.205746
0.298141
0.330138
0.090001
0.006632
0.009669
0.088565
0.178530
0.110119
0.100978
0.080717
0.074428
0.046633
0.060593
0.128000
0.053382
0.059633
0.061054
0.086974
0.051599
0.107617
0.116298
0.079396
0.152324
0.123687
0.104158
0.049663
0.026830
0.022707
0.049439
0.008008
0.005935
0.010407
0.020839
0.053454
0.177179
0.078928
0.214439
0.178768
0.158012
0.159000
0.143725
0.175652
0.044553
0.059009
0.008463
0.095107
0.207352
0.068729
0.143653
0.069165
0.048194
0.103794
0.121280
0.056544
0.053463
0.099314
0.093344
0.070128
0.193462
0.075456
0.106303
0.113254
0.008782
0.061922
0.014090
0.044546
0.104451
0.102865
0.029087
0.251661
0.192469
0.202917
0.221090
0.219168
0.120046
0.026840
0.182178
0.161423
0.122049
0.137179
0.115509
0.177877
0.030054
0.090997
0.121910
0.152857
0.144675
0.101404
0.117966
0.130666
0.173217
0.156853
0.159159
0.160977
0.127912
0.075566
0.074017
0.143267
0.141845
0.172387
0.008565
0.240688
0.121580
0.059804
0.355066
0.070838
0.070623
0.041978
0.101442
0.355590
0.267049
0.266179
0.278674
0.086381
0.023514
0.017416
0.018183
0.036546
0.098047
0.104604
0.364209
0.240097
0.117871
0.159615
0.157574
0.030611
0.133520
0.187587
0.146209
0.209150
0.174130
0.217453
0.137388
0.176838
0.136759
0.228189
0.197587
0.075024
0.114541
0.146033
0.142474
0.068425
0.038752
0.076300
0.097244
0.042785
0.060360
0.257573
0.062559
0.074346
0.062954
0.038218
0.045824
0.071578
0.023631
0.065959
0.105261
0.207675
0.098620
0.225126
0.250080
0.032537
0.072213
0.166799
0.183718
0.094851
0.109857
0.182309
0.104812
0.010904
0.011528
0.010619
0.026803
0.120146
0.167632
0.158372
0.703971
0.823471
0.225371
0.311278
0.093945
0.397172
1.000000
0.236170
0.179009
0.413745
0.402252
0.559242
0.291088
0.252320
0.029097
0.089798
0.251712
0.304477
0.215627
0.054644
0.238141
0.172895
0.166070
0.319514
0.085682
0.083556
0.162297
0.351552
0.089802
0.162409
0.359992
0.323673
0.326068
0.403176
0.374674
0.518747
0.489728
0.190231
0.338879
0.339748
0.225130
0.011351
0.010569
0.420486
0.562475
0.268234
0.476046
0.295750
0.281148
0.372837
0.394827
0.524448
0.304801
0.551610
0.181890
0.401329
0.338860
0.420020
0.795642
0.196057
0.184853
0.324286
0.461433
0.280608
0.530666
0.340227
0.330173
0.226861
0.286056
0.558070
0.422367
0.341721
0.298419
0.184037
0.667032
0.188568
0.527931
0.532562
0.374266
0.224175
0.176556
0.485150
0.540260
0.234163
0.142125
0.664504
0.083200
0.192537
0.143166
0.126841
0.526796
0.521757
0.326163
0.381012
0.344070
0.317510
0.339977
0.369215
0.028410
0.013753
0.250165
0.276810
0.192726
0.078539
0.059948
0.033756
0.014261
0.028808
0.039304
0.038484
0.020534
0.025691
0.157847
0.190592
0.054794
0.062517
0.036658
0.033662
0.192835
0.218498
0.109268
0.207613
0.128636
0.301417
0.269416
0.273176
0.244255
0.176149
0.157398
0.264741
0.034981
0.026290
0.047658
0.032263
0.035788
0.217846
0.142518
0.119152
0.259557
0.273472
0.334662
0.076182
0.068416
0.394611
0.361987
0.313429
0.113508
0.274659
0.182320
0.293438
0.150573
0.249210
0.223360
0.198668
0.632772
0.160839
0.169416
0.385035
0.150883
0.155107
0.115861
0.176888
0.500942
0.249762
0.197982
0.370571
0.103471
0.010832
0.293398
0.230077
0.585425
0.028241
0.077919
0.133355
0.151886
0.184474
0.008726
0.073781
0.152673
0.117081
0.137745
0.110163
0.026538
0.079509
0.070536
0.209322
0.245084
0.021861
0.089406
0.042099
0.065005
0.084738
0.125775
0.080981
0.139486
0.181364
0.035166
0.013479
0.160535
0.050181
0.019102
0.069604
0.053356
0.047854
0.074935
0.016012
0.083964
0.006353
0.083653
0.041036
0.019869
0.158300
0.075320
0.040781
0.033702
0.050537
0.054402
0.061932
0.155303
0.097092
0.058520
0.008297
0.030656
0.014532
0.015877
0.020928
0.019217
0.023521
0.039597
0.025377
0.080494
0.012567
0.012625
0.010952
0.050982
0.039624
0.041105
0.064912
0.047707
0.082555
0.085807
0.092270
0.078056
0.214434
0.206886
0.213002
0.186164
0.139576
0.126443
0.121626
0.189628
0.164493
0.036313
0.095719
0.099550
0.093770
0.123036
0.081817
0.099704
0.095582
0.111473
0.042959
0.042364
0.017406
0.021601
0.179100
0.163718
0.440842
0.019972
0.035892
0.017914
0.063404
0.016970
0.025820
0.059037
0.042255
0.033339
0.026495
0.093555
0.068356
0.055315
0.287199
0.306317
0.200840
0.182072
0.178012
0.106125
0.217234
0.289183
0.230179
0.280711
0.368444
0.286804
0.223305
0.138223
0.232536
0.255011
0.117917
0.169111
0.287467
0.262436
0.345561
0.307796
0.371297
0.349379
0.410266
0.239393
0.433290
0.044025
0.066703
0.007933
0.017061
0.004807
0.005928
0.003844
0.009390
0.012654
0.007046
0.099672
0.145792
0.008450
0.190596
0.006368
0.013975
0.036136
0.026021
0.058582
0.008202
0.028588
0.021090
0.158930
0.160071
0.069873
0.072346
0.483071
0.629814
0.545502
0.489861
0.636999
0.730824
0.587400
0.469047
0.657656
0.691325
0.696007
0.492921
0.479243
0.708520
0.789595
0.395649
0.336328
0.242534
0.363837
0.651247
0.459329
0.433499
0.399900
0.422859
0.449965
0.321187
0.231300
0.793174
0.320059
0.607667
0.702921
0.630117
0.767341
0.641714
0.812071
0.248540
0.557687
0.704438
0.572441
0.411617
0.043770
0.108653
0.187279
0.145217
0.017850
0.058875
0.104050
0.155095
0.025493
0.106097
0.115195
0.153113
0.209991
0.313941
0.624693
0.696285
0.328616
0.138064
0.194089
0.346234
0.030222
0.060178
0.097078
0.026816
0.043530
0.275924
0.040844
0.038295
0.175873
0.039425
0.050178
0.047657
0.061902
0.068995
0.125859
0.083837
0.104808
0.246229
0.027821
0.078301
0.055899
0.282257
0.113704
0.211837
0.081063
0.040356
0.493928
0.243226
0.090659
0.162976
0.184851
0.150037
0.067587
0.067902
0.054729
0.051323
0.035230
0.080680
0.069427
0.091002
0.044542
0.160457
0.143156
0.190573
0.261334
0.682201
0.693337
0.763471
0.415236
0.930580
0.264726
0.669367
0.704518
0.248136
0.108134
0.068748
0.135874
0.068154
0.166316
0.124440
0.196574
0.127280
0.302088
0.054701
0.018127
0.028969
0.129467
0.287356
0.210157
0.339571
0.200365
0.266679
0.295174
0.189679
0.157887
0.231992
0.256101
0.307427
0.100816
0.134454
0.202700
0.069306
0.087991
0.205125
0.046620
0.196259
0.038808
0.036884
0.053876
0.078667
0.093875
0.144056
0.162536
0.268063
0.303731
0.322067
0.236333
0.235596
0.074129
0.121383
0.471025
0.208582
0.288120
0.066614
0.038670
0.084553
0.268171
0.284808
0.218426
0.325609
0.205106
0.307720
0.351737
0.324547
0.282818
0.049996
0.029177
0.031262
0.069714
0.087132
0.084031
0.051412
0.031368
0.034811
0.034087
0.173611
0.145856
0.056108
0.261990
0.139844
0.099015
0.075786
0.061437
0.045855
0.040026
0.054213
0.087125
0.058571
0.048445
0.049733
0.031330
0.158091
0.309311
0.154903
0.010659
0.016720
0.111763
0.077884
0.128220
0.220155
0.279213
0.176064
0.447584
0.084132
0.157719
0.644372
0.631574
0.347138
0.110676
0.057031
0.025734
0.096021
0.235029
0.247689
0.246704
0.203589
0.053358
0.192849
0.167515
0.097085
0.155836
0.114933
0.270365
0.173649
0.303401
0.311809
0.205452
0.293645
0.147248
0.226838
0.334642
0.170116
0.340266
0.274986
0.288636
0.325216
0.107966
0.100095
0.069130
0.168627
0.194625
0.148358
0.265993
0.112746
0.078654
0.113120
0.063156
0.046526
0.022767
0.204674
0.021813
0.129490
0.190381
0.110289
0.094738
0.056092
0.049079
0.028786
0.040424
0.009858
0.062673
0.122080
0.017722
0.099782
0.098344
0.179535
0.082593
0.286388
0.146595
0.129055
0.264516
0.353557
0.162173
0.173129
0.183148
0.111992
0.217178
0.058536
0.032506
0.144973
0.339979
0.240104
0.090559
0.132417
0.358656
0.280621
0.086478
0.111904
0.075493
0.118538
0.077058
0.183659
0.038245
0.070094
0.168455
0.075365
0.035707
0.069362
0.151153
0.072206
0.059540
0.044369
0.089323
0.147856
0.077984
0.111097
0.148148
0.033067
0.044418
0.126509
0.157039
0.063237
0.048786
0.099529
0.274707
0.296986
0.122869
0.239785
0.409029
0.426607
0.340646
0.345111
0.434683
0.387085
0.157635
0.133494
0.122452
0.102888
0.126407
0.056283
0.109788
0.111471
0.093753
0.085840
0.075945
0.123343
0.070864
0.071261
0.066833
0.062842
0.071940
0.091430
0.045750
0.035739
0.032110
0.055075
0.093695
0.021185
0.015441
0.010641
0.063367
0.057151
0.103741
0.008937
0.060341
0.136454
0.068094
0.056755
0.009235
0.058841
0.100132
0.180826
0.179115
0.113055
0.050486
0.044142
0.057261
0.035947
0.103917
0.097808
0.055540
0.034513
0.014821
0.033783
0.022080
0.016403
0.023257
0.023482
0.041779
0.072676
0.008909
0.067513
0.048956
0.075945
0.121764
0.086330
0.013981
0.091331
0.138677
0.071407
0.023816
0.050595
0.004048
0.007015
0.013420
0.039306
0.038686
0.055787
0.066444
0.088188
0.084761
0.043274
0.076114
0.095673
0.157537
0.077741
0.141126
0.203262
0.162395
0.067016
0.191113
0.208828
0.215126
0.216505
0.118984
0.141014
0.061613
0.054358
0.077437
0.207419
0.182116
0.123768
0.153515
0.142361
0.043006
0.131750
0.101311
0.157282
0.116935
0.102071
0.108124
0.119276
0.141087
0.108206
0.192832
0.250864
0.021325
0.022148
0.162130
0.044298
0.113608
0.116045
0.035432
0.021512
0.067402
0.070098
0.083954
0.035871
0.128385
0.290961
0.298979
0.197168
0.021915
0.286816
0.373955
0.368941
0.080469
0.155673
0.058241
0.196479
0.197380
0.030478
0.127517
0.211417
0.149125
0.163774
0.182479
0.078819
0.094920
0.046360
0.069532
0.008241
0.062755
0.099518
0.009284
0.034091
0.054439
0.063351
0.104606
0.201004
0.228007
0.196610
0.076406
0.161772
0.142037
0.066635
0.206921
0.177114
0.192025
0.105233
0.325561
0.420069
0.350592
0.318395
0.169225
0.136613
0.243025
0.058271
0.090618
0.071330
0.182506
0.119995
0.109480
0.041686
0.022749
0.104348
0.066531
0.120101
0.117101
0.106470
0.056497
0.034976
0.043482
0.115264
0.128898
0.175679
0.164997
0.125057
0.088270
0.004507
0.011786
0.009114
0.010974
0.010079
0.001778
0.026637
0.019768
0.007310
0.012742
0.011040
0.018368
0.028696
0.059653
0.090022
0.038087
0.005595
0.013609
0.074528
0.166993
0.164832
0.024461
0.005542
0.258116
0.174299
0.081375
0.325707
0.334853
0.161892
0.233683
0.089579
0.102741
0.112400
0.059831
0.056889
0.059465
0.037585
0.070526
0.101351
0.105940
0.069006
0.073568
0.138105
0.148844
0.174709
0.030050
0.030165
0.009584
0.059325
0.004540
0.027101
0.014414
0.046227
0.188735
0.212773
0.073347
0.204739
0.167052
0.137035
0.159407
0.165283
0.191063
0.079900
0.021647
0.052426
0.054942
0.136070
0.069939
0.116046
0.105590
0.043965
0.070251
0.057134
0.058651
0.185286
0.069072
0.093105
0.113399
0.106418
0.128833
0.132886
0.058487
0.041779
0.133523
0.136682
0.023268
0.194446
0.222718
0.221431
0.174476
0.152248
0.026035
0.144521
0.100175
0.115575
0.122894
0.102431
0.092746
0.090440
0.143296
0.141529
0.075152
0.133655
0.136206
0.241587
0.182951
0.114294
0.086886
0.038523
0.160438
0.081010
0.115171
0.124883
0.094740
0.166738
0.181482
0.101418
0.105628
0.149891
0.155925
0.047631
0.012337
0.097850
0.075715
0.199136
0.123257
0.250335
0.314577
0.046384
0.088565
0.192027
0.128826
0.123327
0.161506
0.206784
0.097250
0.087109
0.128325
0.152376
0.149910
0.119763
0.185372
0.063815
0.092505
0.037603
0.204672
0.169494
0.116009
0.099867
0.066348
0.076506
0.066964
0.042332
0.048909
0.022775
0.073793
0.062376
0.098404
0.216352
0.153612
0.227432
0.203743
0.102600
0.164846
0.077577
0.172867
0.146471
0.190710
0.171148
0.083562
0.069885
0.025244
0.236503
0.300597
0.151334
0.218402
0.063840
0.216054
0.319837
0.282647
0.324905
0.167655
0.118215
0.085945
0.376122
0.123922
0.058812
0.325017
0.283339
0.178102
0.411170
0.356148
0.424173
0.525052
0.384788
0.424916
0.069927
0.224525
0.240907
0.188281
0.557495
0.311992
0.257198
0.357134
0.360132
0.221766
0.268218
0.347051
0.474473
0.636349
0.770407
0.587981
0.513527
0.178922
0.297156
0.459394
0.161334
0.278235
0.592858
0.752316
0.075682
0.157710
0.206085
0.137094
0.317899
0.231397
0.269675
0.259323
0.269790
0.008671
0.033427
0.292614
0.082338
0.263580
0.012459
0.023819
0.179117
0.149201
0.062608
0.235454
0.240338
0.266289
0.348212
0.316056
0.326667
0.767223
0.236583
0.007318
0.003368
0.011402
0.020494
0.015821
0.004413
0.019641
0.011587
0.017776
0.070059
0.032600
0.052203
0.016858
0.041619
0.020111
0.003873
0.091576
0.105567
0.200961
0.168540
0.218150
0.080820
0.060770
0.154121
0.063224
0.028746
0.029608
0.070292
0.111131
0.083197
0.026046
0.031741
0.006969
0.023245
0.036525
0.059592
0.022449
0.045218
0.071684
0.019020
0.063382
0.032942
0.100787
0.041177
0.042053
0.133112
0.067214
0.048486
0.034372
0.018559
0.030011
0.002917
0.029603
0.006614
0.005369
0.006134
0.029812
0.015088
0.031469
0.020254
0.059512
0.032755
0.006355
0.024357
0.055245
0.028912
0.100777
0.025171
0.038535
0.067741
0.072752
0.045217
0.013273
0.060017
0.076717
0.017441
0.014093
0.014043
0.035200
0.008072
0.020757
0.027279
0.013235
0.012555
0.002989
0.034190
0.006335
0.007012
0.005956
0.038850
0.048174
0.017775
0.008138
0.007344
0.008770
0.030995
0.007442
0.052964
0.013787
0.067402
0.192355
0.052990
0.008520
0.023761
0.009156
0.122125
0.144114
0.022810
0.008196
0.007983
0.078333
0.107956
0.091977
0.078772
0.026000
0.056242
0.107844
0.058899
0.027940
0.098265
0.052836
0.037607
0.081660
0.081582
0.071447
0.089969
0.071460
0.101807
0.077794
0.061452
0.028873
0.358560
0.189872
0.204979
0.287325
0.326810
0.122725
0.049841
0.110909
0.243057
0.307605
0.015015
0.045673
0.186049
0.032968
0.026356
0.099399
0.152112
0.056629
0.100908
0.150605
0.098511
0.160286
0.024517
0.026869
0.066077
0.071888
0.096381
0.036326
0.056577
0.073035
0.087650
0.093012
0.079977
0.061772
0.078142
0.072239
0.010106
0.023000
0.007257
0.050648
0.041498
0.009649
0.013036
0.017918
0.013089
0.022924
0.008163
0.002630
0.064405
0.005706
0.037141
0.014623
0.046481
0.050923
0.051575
0.078479
0.084570
0.019096
0.011968
0.024824
0.009944
0.015879
0.013352
0.005606
0.012252
0.010234
0.014179
0.014885
0.024290
0.023540
0.024878
0.021626
0.012543
0.016993
0.024563
0.047478
0.010028
0.028348
0.020586
0.026244
0.019993
0.043280
0.014394
0.009401
0.026955
0.048409
0.032445
0.022410
0.023986
0.027887
0.075054
0.003906
0.012922
0.037586
0.001813
0.016913
0.023840
0.010563
0.044633
0.009268
0.031553
0.017870
0.008266
0.035798
0.004618
0.015387
0.052651
0.037711
0.064394
0.064726
0.024025
0.028549
0.013518
0.000985
0.035354
0.019648
0.015927
0.009807
0.029665
0.063692
0.045335
0.063614
0.051708
0.075207
0.033802
0.046334
0.063702
0.050844
0.037319
0.099175
0.108535
0.027716
0.135681
0.030958
0.101806
0.067870
0.024948
0.025275
0.050043
0.070199
0.058560
0.042560
0.036667
0.013013
0.030859
0.037861
0.081212
0.018784
0.044217
0.012316
0.011781
0.030674
0.025166
0.054913
0.015429
0.010838
0.034358
0.028955
0.019369
0.008395
0.025846
0.058602
0.045956
0.040976
0.021351
0.025333
0.032106
0.015240
0.068859
0.065270
0.089878
0.076313
0.058750
0.030493
0.019217
0.052679
0.019507
0.071052
0.044988
0.037604
0.021198
0.027271
0.026187
0.060923
0.037947
0.038605
0.043257
0.049503
0.024463
0.013535
0.050808
0.026757
0.030489
0.014144
0.028289
0.012110
0.032564
0.028136
0.010110
0.037619
0.014801
0.034759
0.032348
0.019318
0.030898
0.063384
0.115599
0.055339
0.038760
0.096551
0.125416
0.041757
0.020353
0.009878
0.074475
0.104186
0.240702
0.249995
0.020300
0.029830
0.013050
0.021493
0.019531
0.043496
0.012411
0.031838
0.014838
0.010633
0.013285
0.027436
0.013266
0.035830
0.012992
0.024734
0.016578
0.011362
0.017783
0.025521
0.019118
0.031933
0.017966
0.043059
0.032940
0.017260
0.047190
0.039916
0.011467
0.043953
0.018572
0.020716
0.039628
0.030202
0.042659
0.006028
0.032042
0.039171
0.016556
0.036002
0.061191
0.012257
0.035355
0.058588
0.026050
0.040989
0.054488
0.060319
0.041806
0.064548
0.076670
0.046562
0.054606
0.018815
0.025424
0.069252
0.015381
0.013110
0.040728
0.086838
0.012018
0.055847
0.019848
0.029189
0.121417
0.129302
0.147225
0.102513
0.032014
0.100019
0.198911
0.218577
0.180076
0.210574
0.260296
0.223993
0.208598
0.254238
0.284973
0.024908
0.056438
0.041104
0.027753
0.092930
0.117384
0.055409
0.042052
0.057427
0.065366
0.132176
0.161544
0.166525
0.209889
0.243345
0.194157
0.192290
0.230326
0.202168
0.196119
0.133340
0.116913
0.195265
0.217085
0.227680
0.168518
0.177883
0.225105
0.242158
0.255339
0.311642
0.050698
0.052808
0.034769
0.030901
0.082456
0.079583
0.043940
0.032861
0.039516
0.046626
0.041017
0.027572
0.040582
0.033787
0.040449
0.030037
0.057267
0.054578
0.034209
0.179486
0.130811
0.168123
0.166693
0.198633
0.192845
0.167646
0.158250
0.141971
0.168300
0.161429
0.181632
0.154029
0.137390
0.202255
0.253403
0.104493
0.085423
0.086805
0.146784
0.288679
0.373861
0.275750
0.148990
0.074186
0.128045
0.243970
0.158275
0.062578
0.092264
0.152008
0.280412
0.381094
0.269943
0.092137
0.070319
0.080726
0.069012
0.084358
0.164141
0.045453
0.064333
0.204688
0.283921
0.180108
0.087397
0.017808
0.078950
0.160869
0.077666
0.048519
0.022597
0.084114
0.173522
0.293992
0.159553
0.037109
0.092368
0.147677
0.170855
0.188207
0.177728
0.158751
0.161289
0.084049
0.053463
0.158697
0.144612
0.076893
0.100754
0.095388
0.078929
0.064052
0.092442
0.120928
0.116980
0.057879
0.036490
0.052847
0.044521
0.268228
0.221400
0.163482
0.296578
0.220054
0.175919
0.117952
0.151160
0.152403
0.248443
0.343455
0.240896
0.041514
0.069154
0.161723
0.186188
0.145872
0.161123
0.057578
0.131204
0.304558
0.079178
0.257453
0.315765
0.094688
0.148753
0.326823
0.403498
0.339810
0.332115
0.427455
0.347119
0.152624
0.106867
0.261012
0.169593
0.242425
0.267506
0.048711
0.064840
0.308222
0.306843
0.320464
0.240226
0.305970
0.318112
0.054647
0.029532
0.194848
0.100790
0.193147
0.212720
0.034142
0.110113
0.211607
0.051269
0.207136
0.165874
0.047576
0.194069
0.134503
0.112100
0.120032
0.012136
0.073656
0.031067
0.019920
0.117448
0.027144
0.146056
0.033505
0.036232
0.166314
0.079078
0.060483
0.151602
0.101738
0.099302
0.068319
0.060837
0.156815
0.031457
0.124590
0.093659
0.027087
0.150912
0.031996
0.128137
0.167065
0.039081
0.059066
0.088700
0.321299
0.191774
0.352517
0.103492
0.121853
0.072417
0.115050
0.077238
0.122054
0.087999
0.127685
0.128833
0.100337
0.133413
0.108595
0.133509
0.139327
0.097121
0.223625
0.147928
0.056569
0.103924
0.046037
0.086906
0.038913
0.062305
0.077277
0.086693
0.143775
0.135519
0.134126
0.057148
0.106793
0.105245
0.128841
0.129651
0.040023
0.111311
0.132943
0.094336
0.075555
0.118758
0.041563
0.136151
0.220711
0.041948
0.036137
0.066475
0.114408
0.277700
0.038535
0.038968
0.188928
0.110043
0.171261
0.116458
0.242580
0.346103
0.122850
0.123656
0.128850
0.205579
0.374348
0.121438
0.112865
0.239926
0.088847
0.213251
0.152163
0.149962
0.134116
0.114912
0.169216
0.159356
0.121157
0.116706
0.035378
0.024408
0.024746
0.036500
0.032338
0.035511
0.029653
0.014540
0.015848
0.044420
0.037723
0.036884
0.044173
0.037008
0.034027
0.077383
0.086067
0.091473
0.061918
0.068742
0.102511
0.127319
0.065623
0.093997
0.154588
0.144945
0.131326
0.153217
0.119815
0.116699
0.055105
0.145354
0.128393
0.075331
0.017933
0.039621
0.043558
0.029813
0.029861
0.054441
0.063207
0.055456
0.072552
0.051941
0.058075
0.069025
0.045637
0.085641
0.086516
0.056717
0.061344
0.082804
0.057472
0.093909
0.116847
0.118361
0.090646
0.110269
0.114999
0.116662
0.126102
0.120992
0.091030
0.085456
0.104790
0.081439
0.068234
0.056026
0.054735
0.056069
0.069477
0.054231
0.055460
0.057990
0.074312
0.130431
0.085075
0.092128
0.045385
0.065420
0.016888
0.035567
0.047252
0.041190
0.024212
0.013266
0.080372
0.018979
0.121407
0.158891
0.145546
0.171530
0.195379
0.139766
0.142533
0.120847
0.036208
0.084239
0.109106
0.046272
0.055263
0.037966
0.042584
0.049622
0.050215
0.123920
0.108922
0.122339
0.080188
0.078810
0.095490
0.102357
0.108092
0.034037
0.090669
0.066535
0.091058
0.098433
0.066986
0.037500
0.017418
0.194085
0.061458
0.128284
0.032707
0.053776
0.034176
0.086635
0.170250
0.149550
0.199576
0.128606
0.176593
0.116028
0.107430
0.086399
0.076268
0.057116
0.097315
0.035286
0.024819
0.014734
0.029757
0.018209
0.035505
0.017589
0.069763
0.068562
0.098345
0.095637
0.017783
0.072186
0.105224
0.107252
0.097064
0.094107
0.087648
0.014861
0.098179
0.093698
0.032306
0.033404
0.042917
0.023139
0.036675
0.041979
0.038253
0.020630
0.017773
0.034363
0.027531
0.038468
0.040595
0.048376
0.052200
0.037183
0.043045
0.046192
0.045125
0.044649
0.046681
0.046896
0.052127
0.052593
0.033777
0.052753
0.057852
0.092176
0.068845
0.111586
0.142409
0.164814
0.062752
0.082545
0.076317
0.080535
0.081180
0.029378
0.085442
0.076067
0.044780
0.031639
0.046501
0.037309
0.086085
0.072245
0.129661
0.149147
0.096543
0.034327
0.027304
0.031988
0.050651
0.042652
0.041594
0.061733
0.061741
0.037177
0.037917
0.030894
0.063003
0.055640
0.050735
0.076403
0.091366
0.094976
0.099060
0.108880
0.105506
0.123502
0.116757
0.107645
0.117220
0.116134
0.103652
0.113285
0.093300
0.105615
0.070759
0.052771
0.086199
0.075203
0.065892
0.073670
0.104516
0.091643
0.065007
0.103404
0.053496
0.078664
0.063164
0.114337
0.107125
0.026975
0.117887
0.078488
0.039007
0.057297
0.047051
0.068966
0.046910
0.067053
0.076903
0.039507
0.046431
0.040969
0.057651
0.040402
0.034733
0.090268
0.040519
0.071811
0.029172
0.135210
0.115973
0.136090
0.115286
0.122952
0.099294
0.051183
0.111713
0.090568
0.127662
0.020275
0.013470
0.003037
0.007655
0.016648
0.015739
0.045008
0.015543
0.007426
0.022769
0.008698
0.010942
0.008900
0.030440
0.004154
0.023736
0.013808
0.019499
0.010726
0.020471
0.044509
0.041892
0.033909
0.062671
0.014595
0.022573
0.023586
0.025929
0.026429
0.014263
0.045403
0.104494
0.007240
0.014607
0.021607
0.012768
0.041463
0.032659
0.007536
0.001781
0.015484
0.003527
0.024497
0.032276
0.036213
0.009378
0.005893
0.030474
0.013385
0.007018
0.017038
0.027965
0.009807
0.012052
0.036188
0.037857
0.009600
0.034948
0.122677
0.083832
0.032928
0.013045
0.033597
0.013595
0.017018
0.021366
0.025919
0.006932
0.018601
0.029831
0.026209
0.042798
0.060092
0.066067
0.016767
0.027106
0.021382
0.022053
0.039841
0.071792
0.003405
0.005437
0.048806
0.020977
0.008878
0.036311
0.024155
0.018109
0.006735
0.012082
0.009023
0.023012
0.007139
0.007992
0.016823
0.009499
0.026677
0.016147
0.033696
0.028382
0.008225
0.003500
0.012219
0.035960
0.010773
0.024259
0.019943
0.020692
0.007479
0.001990
0.002129
0.034589
0.031606
0.004573
0.011277
0.003812
0.026711
0.023586
0.011838
0.041631
0.012444
0.024281
0.010090
0.024819
0.044115
0.042388
0.009103
0.025841
0.027884
0.010324
0.015399
0.014214
0.047322
0.026289
0.035598
0.025902
0.016730
0.040103
0.047578
0.011784
0.026240
0.055503
0.051540
0.008821
0.060559
0.021904
0.019061
0.004294
0.032148
0.014401
0.107869
0.026403
0.003428
0.022530
0.060183
0.065362
0.043174
0.066300
0.040396
0.062140
0.060264
0.056455
0.062408
0.056124
0.050331
0.076800
0.046434
0.045690
0.058123
0.051609
0.031213
0.042291
0.033298
0.054560
0.047977
0.024378
0.027431
0.039115
0.014408
0.034623
0.024405
0.047585
0.016420
0.034361
0.055700
0.059689
0.057602
0.058339
0.027664
0.006215
0.051306
0.001296
0.006597
0.007215
0.025958
0.015553
0.008994
0.011890
0.030186
0.016753
0.031181
0.012122
0.003067
0.029088
0.017337
0.032949
0.019530
0.020607
0.050218
0.039616
0.019414
0.044403
0.020369
0.024261
0.003065
0.012621
0.035395
0.050814
0.022122
0.021028
0.044171
0.001813
0.006129
0.027000
0.003785
0.042628
0.023063
0.025338
0.031504
0.055608
0.005508
0.020385
0.021946
0.033580
0.007321
0.021567
0.029048
0.053983
0.044451
0.065071
0.031660
0.066508
0.031303
0.010982
0.004155
0.027090
0.040212
0.057273
0.041858
0.007539
0.002967
0.025125
0.048334
0.072510
0.027287
0.045843
0.071933
0.033132
0.062256
0.048244
0.030391
0.034106
0.016446
0.086836
0.008869
0.070378
0.099770
0.074925
0.047073
0.020614
0.030840
0.068946
0.021915
0.007750
0.025259
0.011030
0.031015
0.017717
0.060936
0.033119
0.014704
0.003603
0.028205
0.052057
0.020699
0.004053
0.006842
0.023071
0.046755
0.012397
0.037014
0.007139
0.062530
0.043974
0.020234
0.037491
0.044822
0.023265
0.054907
0.015305
0.066468
0.052658
0.046842
0.061575
0.030822
0.011286
0.028071
0.035764
0.014101
0.025510
0.022259
0.001451
0.011395
0.019499
0.033454
0.041219
0.051511
0.040327
0.014836
0.024168
0.009431
0.040291
0.010149
0.046607
0.052402
0.014038
0.029118
0.046734
0.020471
0.029348
0.016608
0.037897
0.023243
0.018887
0.039302
0.046861
0.028872
0.019192
0.021229
0.030948
0.004211
0.058118
0.019843
0.032234
0.014446
0.046061
0.051224
0.060467
0.015795
0.030810
0.027902
0.065876
0.037905
0.046330
0.006010
0.031943
0.042272
0.044216
0.027342
0.025968
0.020611
0.068065
0.148598
0.089695
0.105356
0.162651
0.138113
0.101539
0.027442
0.019023
0.079645
0.192740
0.263224
0.266551
0.014314
0.031875
0.015309
0.017400
0.014303
0.032823
0.016651
0.027431
0.017235
0.005677
0.016436
0.025829
0.035915
0.017784
0.013909
0.060994
0.032791
0.024659
0.050965
0.014267
0.055946
0.017759
0.023045
0.015910
0.040001
0.056564
0.078036
0.073920
0.088147
0.016756
0.014040
0.028858
0.065933
0.163808
0.079202
0.059269
0.021813
0.094076
0.007566
0.138060
0.128970
0.125691
0.172118
0.193758
0.042255
0.219763
0.215364
0.216717
0.189703
0.229629
0.230668
0.249089
0.234214
0.273517
0.060242
0.138656
0.162696
0.064773
0.051209
0.105779
0.181372
0.196423
0.174170
0.090988
0.012356
0.020052
0.028158
0.023745
0.036149
0.021559
0.024879
0.010689
0.029324
0.026453
0.150537
0.103317
0.088478
0.139181
0.155320
0.098404
0.027580
0.029416
0.093525
0.121112
0.132302
0.159940
0.097064
0.089166
0.168555
0.042836
0.036767
0.068233
0.176782
0.166045
0.116032
0.190265
0.162349
0.121154
0.083035
0.105053
0.147261
0.039872
0.064277
0.136158
0.061889
0.041691
0.026842
0.094252
0.031469
0.201742
0.195438
0.222234
0.169025
0.165781
0.047679
0.063299
0.062936
0.048374
0.033522
0.099574
0.118888
0.166665
0.163091
0.155278
0.103028
0.062927
0.026388
0.038739
0.043813
0.060356
0.054032
0.178423
0.153203
0.171528
0.253760
0.201515
0.114231
0.107825
0.248825
0.166138
0.188714
0.135005
0.125333
0.207975
0.228481
0.169586
0.189037
0.210994
0.218733
0.310552
0.280644
0.185053
0.219671
0.093514
0.206421
0.165407
0.178522
0.122668
0.149345
0.178644
0.197915
0.264240
0.203503
0.125950
0.145865
0.376697
0.292341
0.146554
0.077119
0.082258
0.103427
0.150346
0.272467
0.159020
0.245907
0.124504
0.074195
0.275059
0.386682
0.282078
0.148606
0.083651
0.072281
0.073731
0.085743
0.169334
0.077747
0.075128
0.070680
0.286176
0.230611
0.075692
0.054783
0.085793
0.167588
0.085753
0.157404
0.074638
0.029468
0.145344
0.281112
0.170334
0.082930
0.014591
0.055784
0.101151
0.043309
0.174622
0.198857
0.177523
0.159649
0.073678
0.091167
0.175199
0.162903
0.151331
0.150311
0.066774
0.099131
0.106422
0.083493
0.057396
0.064172
0.121026
0.128654
0.102227
0.067437
0.040637
0.058473
0.310571
0.183947
0.221263
0.281785
0.251776
0.146601
0.154065
0.124840
0.183659
0.229756
0.255730
0.341840
0.167892
0.164156
0.074426
0.052141
0.104742
0.071200
0.158877
0.185260
0.065966
0.264048
0.296519
0.250780
0.132862
0.105216
0.407674
0.304225
0.334671
0.343702
0.160352
0.153830
0.319956
0.426372
0.177802
0.278263
0.278186
0.300826
0.086281
0.085886
0.311297
0.274484
0.194994
0.287844
0.039628
0.051072
0.289699
0.306382
0.093231
0.164341
0.122110
0.123525
0.084482
0.051829
0.046628
0.127821
0.144218
0.146260
0.099416
0.102343
0.130995
0.051301
0.016512
0.109798
0.026373
0.062585
0.124466
0.023764
0.116660
0.047832
0.025046
0.024538
0.135610
0.116635
0.051876
0.099245
0.059312
0.073363
0.086676
0.058675
0.026984
0.178430
0.084576
0.142418
0.105150
0.051429
0.160812
0.086138
0.135978
0.053960
0.035273
0.157597
0.315608
0.349663
0.096091
0.079114
0.138064
0.090295
0.133772
0.142830
0.222279
0.096280
0.150018
0.052218
0.049376
0.049737
0.130262
0.080558
0.111068
0.145245
0.140668
0.117715
0.120297
0.053199
0.134491
0.139640
0.139977
0.121829
0.044215
0.060820
0.067327
0.093602
0.108130
0.059042
0.046475
0.037085
0.253863
0.147797
0.045679
0.047355
0.050065
0.262197
0.086954
0.132287
0.209585
0.217825
0.129956
0.125270
0.115247
0.367186
0.238686
0.099557
0.109839
0.116587
0.355854
0.158161
0.073178
0.230128
0.120760
0.143025
0.114479
0.129866
0.024153
0.036590
0.037047
0.039475
0.025005
0.034344
0.031455
0.040362
0.034323
0.083996
0.032899
0.087434
0.095284
0.065826
0.065490
0.110709
0.135298
0.098179
0.063611
0.162872
0.161005
0.165181
0.142167
0.123119
0.131190
0.061579
0.139314
0.155208
0.025289
0.080798
0.035954
0.048693
0.033839
0.039400
0.056454
0.059860
0.082911
0.067180
0.050349
0.068346
0.054363
0.067282
0.091513
0.099522
0.063554
0.091596
0.073189
0.088087
0.060062
0.113543
0.123175
0.110845
0.086387
0.121550
0.113799
0.123841
0.132121
0.088614
0.077465
0.067569
0.102315
0.053854
0.064775
0.055815
0.052922
0.045546
0.059567
0.077029
0.059754
0.048518
0.122374
0.088208
0.115679
0.072789
0.050674
0.038317
0.088412
0.039560
0.026031
0.029105
0.049192
0.101587
0.109548
0.069561
0.028487
0.056163
0.030214
0.037992
0.031624
0.039442
0.018454
0.037872
0.046827
0.140900
0.125921
0.139598
0.106628
0.126673
0.140245
0.134645
0.126764
0.075556
0.030876
0.035950
0.043439
0.104801
0.054109
0.013905
0.046444
0.126465
0.131694
0.047745
0.112526
0.117214
0.077606
0.084347
0.081170
0.018595
0.026016
0.043107
0.037415
0.019584
0.049182
0.021597
0.084899
0.083410
0.115752
0.119014
0.129969
0.086598
0.042750
0.125027
0.133263
0.114704
0.128062
0.127794
0.123392
0.032134
0.064227
0.055686
0.021414
0.025072
0.036236
0.065656
0.039631
0.029964
0.034412
0.015333
0.015240
0.016369
0.037173
0.021781
0.034148
0.033598
0.050352
0.043616
0.046159
0.026031
0.025786
0.041975
0.044918
0.044564
0.043347
0.051420
0.051584
0.062497
0.049923
0.053284
0.028772
0.035819
0.057299
0.154642
0.116722
0.173110
0.111001
0.081215
0.081099
0.078059
0.043162
0.039152
0.062650
0.117418
0.109976
0.097693
0.088194
0.055766
0.035983
0.042397
0.093957
0.075478
0.141903
0.164695
0.106065
0.031069
0.038030
0.028684
0.037866
0.048405
0.052669
0.061389
0.046526
0.044283
0.026308
0.051282
0.051197
0.062845
0.064217
0.038016
0.035517
0.029464
0.055234
0.072894
0.057697
0.079044
0.118506
0.104511
0.087798
0.119100
0.119860
0.126385
0.129602
0.126694
0.135998
0.141447
0.127584
0.123727
0.121343
0.094678
0.066542
0.060638
0.084470
0.082498
0.078088
0.074352
0.085351
0.111198
0.060806
0.081564
0.098147
0.116201
0.106869
0.075255
0.076235
0.076451
0.113589
0.107561
0.086642
0.059853
0.046894
0.061693
0.046112
0.056616
0.070392
0.036903
0.012239
0.005965
0.026161
0.004678
0.023548
0.046533
0.052423
0.020772
0.058915
0.050208
0.089819
0.025518
0.001998
0.017880
0.059526
0.024906
0.089799
0.051389
0.018926
0.016885
0.040361
0.010554
0.014102
0.031977
0.070906
0.064673
0.009979
0.045633
0.028538
0.033541
0.008042
0.015786
0.004475
0.030114
0.041207
0.007154
0.023467
0.007917
0.023782
0.020448
0.016112
0.016264
0.074652
0.009064
0.019944
0.058181
0.015537
0.081169
0.062423
0.005911
0.009678
0.003167
0.025309
0.024146
0.001981
0.009601
0.080578
0.022166
0.084455
0.105799
0.044143
0.025440
0.070225
0.003713
0.007660
0.006035
0.026329
0.010022
0.019273
0.028785
0.064745
0.076272
0.023515
0.011213
0.007896
0.074743
0.021111
0.033447
0.089634
0.070767
0.103778
0.052402
0.012809
0.065888
0.031969
0.038535
0.060296
0.031826
0.005127
0.012101
0.088229
0.046917
0.056958
0.038827
0.010546
0.027878
0.010722
0.021851
0.010276
0.073845
0.017069
0.006477
0.013087
0.028833
0.082020
0.068429
0.016948
0.019957
0.026341
0.097139
0.023048
0.072497
0.087783
0.065986
0.004725
0.022347
0.010240
0.015227
0.010428
0.015527
0.025331
0.031122
0.033513
0.014342
0.028544
0.018995
0.011315
0.023042
0.019688
0.039015
0.043881
0.011017
0.009130
0.037886
0.021552
0.011241
0.053379
0.082254
0.013797
0.020577
0.024339
0.040533
0.020055
0.013450
0.076100
0.019729
0.021628
0.026281
0.016730
0.019389
0.018451
0.011898
0.037895
0.083356
0.063365
0.014415
0.013542
0.013950
0.033516
0.039842
0.033526
0.012733
0.034515
0.060575
0.009366
0.089914
0.004950
0.022997
0.164048
0.005043
0.014789
0.012177
0.128992
0.068244
0.046386
0.050891
0.115427
0.005542
0.079790
0.199415
0.080443
0.141285
0.002046
0.033538
0.010167
0.086928
0.043956
0.003536
0.013711
0.002904
0.064059
0.026139
0.242624
0.036914
0.052614
0.067818
0.381499
0.155415
0.171324
0.119179
0.082791
0.303318
0.007395
0.086263
0.178455
0.034893
0.148454
0.124411
0.002576
0.147191
0.213889
0.235137
0.313790
0.228838
0.044977
0.008006
0.298678
0.290861
0.300717
0.675920
0.190619
0.261461
0.215771
0.078051
0.125113
0.022681
0.017478
0.237164
0.090036
0.494289
0.534027
0.050938
0.055875
0.010121
0.012689
0.068506
0.174328
0.005502
0.180867
0.218229
0.076217
0.039436
0.035516
0.040378
0.092678
0.090973
0.222187
0.167815
0.224919
0.003556
0.006404
0.501853
0.966725
0.755000
0.643562
0.241943
0.015791
0.015562
0.079147
0.135215
0.226215
0.111910
0.137635
0.035502
0.084650
0.072091
0.007218
0.197105
0.133147
0.016742
0.027785
0.020253
0.030960
0.029504
0.262270
0.296421
0.284138
0.264698
0.275110
0.031692
0.029749
0.027517
0.307345
0.158262
0.155742
0.283251
0.168509
0.255426
0.156641
0.015361
0.005751
0.014830
0.026567
0.057737
0.015974
0.007895
0.030813
0.007448
0.002744
0.005290
0.010567
0.003115
0.006979
0.081788
0.100787
0.124686
0.028039
0.035516
0.136574
0.058087
0.058429
0.012458
0.012821
0.023224
0.034695
0.024115
0.099656
0.076799
0.020567
0.012444
0.054322
0.076398
0.016673
0.008980
0.016824
0.008373
0.058897
0.015593
0.036924
0.128505
0.043463
0.031937
0.019883
0.034225
0.024869
0.167566
0.067895
0.119851
0.043384
0.014409
0.017050
0.026533
0.020413
0.026572
0.036661
0.006809
0.003653
0.002365
0.020448
0.022166
0.021755
0.020435
0.026663
0.023682
0.002584
0.101026
0.026324
0.030627
0.000201
0.001053
0.006082
0.022008
0.029121
0.004911
0.005863
0.005034
0.015217
0.003192
0.006086
0.002098
0.010145
0.003475
0.082857
0.129050
0.085124
0.018119
0.004718
0.013078
0.029462
0.002120
0.001489
0.002733
0.004902
0.028596
0.019756
0.022583
0.047189
0.044624
0.166327
0.011073
0.022194
0.008541
0.018295
0.022437
0.032112
0.009397
0.015813
0.011010
0.016341
0.001505
0.001385
0.006034
0.002194
0.002773
0.001690
0.000030
0.000968
