6.484743
10.078104
1.127120
4.234174
2.559432
2.590236
4.950781
8.027657
5.734296
8.358610
12.927538
19.090966
20.574570
2.595309
11.604718
8.923164
8.799111
6.798155
7.439522
6.458749
7.942102
7.695577
10.997442
3.402490
5.000969
4.982159
3.620230
5.497595
6.323418
12.754958
15.738077
0.118535
20.678540
50.343816
23.169874
18.579481
14.967551
11.661503
7.741984
13.989830
43.188181
1.339347
3.728381
5.592712
0.719917
5.256698
31.235249
40.240086
21.352650
8.150168
15.440137
7.804532
3.457589
20.050454
18.849072
22.961013
23.077559
11.967036
45.513802
13.752691
23.878186
9.652210
10.665194
43.366946
58.789706
0.330053
9.138628
35.285291
60.527038
7.139438
6.381413
2.599364
4.307126
5.965676
2.285597
0.649555
3.898214
14.985291
9.440420
11.641827
5.418070
9.367115
8.058994
1.700697
0.502372
0.356969
4.975555
5.299463
1.245117
36.780733
61.906924
2.162854
37.910264
0.327669
6.224255
7.078229
5.079971
4.532704
6.440846
11.085022
5.193004
3.471016
1.357829
14.837469
22.288602
10.265228
14.135191
0.720784
4.568940
8.237411
8.551814
17.096073
8.066693
9.976359
75.292894
84.763142
53.414614
49.214449
22.942275
13.109684
12.321765
17.385005
30.641173
30.008978
34.032883
41.136436
3.887846
0.878047
4.140757
7.635181
14.644862
32.364963
13.918711
29.027882
7.051827
6.968460
8.344138
8.853449
10.930221
9.692421
7.759743
6.952074
5.307939
3.442513
3.406193
2.885355
6.268435
4.655962
15.575479
0.469300
23.290293
21.379710
26.381517
15.035295
15.701561
20.005167
1.072311
0.806285
6.143330
8.295041
2.271931
7.160132
71.381248
25.241057
3.347897
12.486475
17.419231
6.932000
14.830999
26.158616
21.152750
5.386815
2.330715
15.122339
6.335151
24.354375
3627910209454.875488
41.530719
11.197229
49.106750
68.224470
0.432483
7.849622
4.932605
2.886071
5.327197
3.336258
3.501504
1.673149
4.181618
14.204573
9.654220
11.765664
5.628980
5.035475
20.068676
15.601102
16.484800
85.157738
2.649889
35.680622
1.538746
3.237398
26.604924
8.404081
4.704734
1.531806
37.411585
14.120179
94.203200
13.028037
19.622184
4.390108
6.941163
12.645295
23.941679
13.476034
59.520462
48.545582
18.606646
2348825418629.976074
3.505565
18.605137
46.160547
22.411746
59.337532
14.912120
37.225123
24.424149
47.195071
11.524392
9.959655
7.865004
7.525638
0.095781
0.755500
7.778122
11.572142
4.654235
5.727304
6.007608
7.975765
4.669561
5.104332
3.351630
3.840830
6.188035
5.913365
3.809566
0.080859
2.267521
4.841445
3.054868
7.245209
6.405909
1.949087
6.957056
2.654285
3.299898
1.008932
7.811185
2.603958
6.572796
1.483922
9.961733
7.740698
11.098199
12.296937
9.924970
6.553051
0.080678
0.434546
5.328763
6.062996
5.367269
6.892569
5.701114
4.984351
3.772731
3.269885
5.669957
6.813289
3.964733
1.787746
2.971304
3.409076
4.063303
10.440742
1.287869
3.683426
1.880496
0.621628
7.622172
6.057376
18.898710
0.742394
14.034875
48.723690
6.212272
11.787786
52.902007
2.787259
43.726350
5.353376
2.913035
10.997936
2.751580
2.518522
0.487029
5.650359
1.930058
4.384690
9.285128
9.396886
4.004978
5.885599
0.243137
1.614367
1.701668
2.916296
2.816035
1.521804
0.778628
6.154848
9.356455
12.002769
9.065771
7.235185
2.489359
2.164723
0.648170
11.577003
4.457539
1.832340
1.804506
1.349693
2.892069
0.746666
5.528437
18.977671
37.834552
3.643927
9.055057
9.732460
15.585379
16.220276
3.778286
4.403258
19.985715
11.086761
7.772804
4.499558
4.948831
3.023188
1.063249
1.223761
2.397332
2.395904
20.378907
18.365530
6.194950
1.274499
4.877524
2.291710
8.995006
10.772279
5.771467
19.814396
5.381619
5.953043
5.312578
2.637879
7.452627
5.586097
11.760495
15.256081
0.846539
2.805888
3.448157
3.055912
7.124382
12.406780
6.853934
6.041196
11.899331
3.869203
8.357043
17.937708
11.909822
44.314759
6.515737
6.346510
14.608731
12.012607
8.579377
5.119115
12.704357
8.333412
0.995057
6.270170
8.594609
14.014889
10.963208
4.456918
0.367274
4.155498
5.906666
1.910846
1.240730
2.905861
6.708483
2.942815
8.459115
18.319685
3.974540
7.597353
6.414383
8.471174
6.612472
1.259723
2.891902
5.331299
2.697882
21.921042
8.069385
10.283300
2.384034
3.502522
1.412845
4.506055
3.962312
3.910735
7.907071
14.355520
2.005503
19.623839
4.344687
6.605954
5.986494
7.429709
14.233887
11.806355
12.860172
0.772519
23.680137
15.277985
11.642313
77.879586
2.946964
4.847739
11.875609
1.095594
0.609100
6.147631
2.896609
15.425894
6.883364
10.968559
2.839161
5.958196
10.429849
2.762106
2.954003
16.110630
0.567654
2.307254
4.706762
2.968193
6.695788
12.522560
11.626151
1.055680
1.101058
7.331641
1.318597
2.638304
1.765798
1.932637
3.446578
1.115284
2.117773
3.929733
17.820060
30.454914
3.913880
15.279006
17.630865
9.183921
15.339860
10.977705
8.990555
5.584240
11.009680
3.217583
3.980134
1.502120
1.474328
0.110144
2.817904
4.721537
11.864508
31.182032
5.054791
2.220046
19.020881
7.688847
7.388665
12.803435
4.912918
2.627736
8.028837
12.237441
17.951870
7.009965
2.832576
4.032810
2.482532
4.113409
10.420104
11.842448
5.460618
15.658260
6.174833
17.085002
16.950075
14.572520
5.313882
7.431454
7.166995
22.281532
8.918497
17.843619
7.156208
0.419887
5.938263
13.904701
10.871529
0.879809
4.614088
3.659684
5.609135
2.011990
2.791100
2.674968
6.592367
10.696993
8.729770
6.762925
4.958599
10.202587
7.956709
2.978968
4.242552
50.720155
8.447372
8.334552
11.681286
12.190338
20.519569
10.004187
23.414775
12.228885
3.799767
2.730453
4.623134
6.955277
8.385590
16.916755
10.689214
12.549839
10.420501
40.501203
42.069439
11.980024
13.615317
21.732488
13.222081
13.122978
57.418693
31.161259
16.647231
18.986400
89.155183
144.789131
66.753893
56.668172
114.293495
81.451133
46.619589
287.582683
59.299008
188.327197
239.236529
96.581893
7.533370
4.723839
58.329079
15.923064
3.105264
6.046066
11.785013
4.819767
16.879497
2.789819
4.919843
11.297425
1.791725
11.737089
3.854720
12.372254
25.158233
12.148652
5.227268
22.065864
28.583774
11.384208
10.058500
33.344589
5.365550
2.812763
10.755603
2.365318
6.719217
5.665937
6.352031
0.289362
0.614674
12.720270
9.261865
3.638948
5.893938
37.271637
19.014606
9.430412
5.772373
36.992518
50.493620
43.745456
33.978125
13.184984
51.249981
31.067129
6.929090
11.528357
17.839819
6.667054
1.056422
9.446082
4.211692
4.931625
3.622808
1.955735
2.022127
2.666297
16.440399
14.644035
15.911219
21.809685
18.035801
15.328487
13.423057
17.062328
10.683875
18.454837
13.269456
18.318244
9.412521
16.503176
9.879377
16.866128
33.761936
1.259126
12.081401
10.237672
12.460298
14.146912
2.351267
3.350426
3.658724
4.692135
9.917101
11.664407
5.121148
5.551858
7.000929
4.797474
13.464138
13.794107
11.419791
10.319906
15.343822
14.865398
10.720301
13.755392
4.607773
7.423342
11.828683
8.456528
17.434240
24.369432
17.221210
16.903095
19.482371
20.995310
12.637773
9.535445
1.382352
0.886375
24.539931
23.409114
10.128611
7.406641
11.942420
17.845094
10.934800
13.636407
15.965978
15.650649
4.451037
3.178531
9.737707
16.961025
3.736045
8.185690
38.813963
1.197966
6.213853
21.553154
9.111427
16.112283
14.885426
19.123990
12.757173
13.358943
15.001669
15.234687
15.107085
16.613875
16.760108
2.485258
9.564871
4.626854
5.776267
4.182679
17.596391
13.593295
14.525851
18.611112
14.175695
9.109623
17.380572
25.232525
4.273580
4.568979
2.083668
6.973687
20.353527
6.521017
22.159811
6.687747
18.591012
11.656559
28.293873
6.507253
1.160253
2.645184
1.768237
7.801373
2.024793
12.482281
5.494816
15.079860
2.468772
7.842849
12.601487
12.948274
10.408780
6.278143
14.623983
2.966568
18.839614
23.542106
24.184160
6.351114
30.319912
16.080125
32.429094
24.573600
35.864629
22.886571
12.223402
11.901266
13.204637
14.424965
12.874329
16.894796
6.661343
0.467005
21.122506
5.645566
1.532522
25.009934
24.415273
14.657471
19.050751
7.507977
6.110041
17.967620
39.953369
15.562287
4.430938
13.345319
16.492344
7.236918
9.829162
16.574086
19.196190
22.056301
21.647808
7.880286
31.672099
13.136906
34.997740
29.927182
6.180350
25.638391
10.136690
28.544218
27.270385
40.435025
56.663094
21.515118
58.979040
95.882515
44.001395
78.068766
38.462051
54.582094
25.273065
31.837047
46.962380
78.217916
38.382976
48.455229
35.751360
64.264523
47.637363
27.191358
40.559960
65.585522
30.097974
43.822761
40.799054
70.352743
51.832980
36.923035
26.546722
8.663025
28.915136
7.636585
33.781925
84.166334
30.172466
40.787295
29.052324
57.675923
37.006486
41.378878
26.466676
39.650645
35.739921
54.118214
15.696807
30.691000
17.071318
11.357418
4.626593
9.552134
3.435279
1.468967
16.571681
13.364008
9.225427
41.872831
5.827338
4.013827
1.557128
24.154140
34.280952
36.395930
34.012403
16.011176
103.232149
47.886142
29.399499
25.149752
29.803643
37.903384
76.355857
17.366047
11.288414
17.761692
7.249594
4.980747
113.361385
44.597052
17.856107
83.160136
97.062868
14.786390
71.011153
49.752649
37.931330
8.970121
14.983024
68.907917
106.169659
55.994485
40.452621
29.432773
39.938305
49.863654
47.059720
37.900157
99.522876
148.921608
112.538611
57.507947
166.278232
293.567274
188.307407
193.009047
291.783255
188.620881
200.211057
289.998522
225.143846
188.422044
287.957290
14.495426
9.310133
7.116271
18.013077
7.534218
123.668113
9.413109
3.744117
8.006188
4.261982
124.180822
1.003930
1.462240
2.836308
0.360977
124.263267
2.374961
5.616469
13.684657
13.760668
3.078413
175.749990
65.745297
292.698589
13.802664
8.141401
13.052986
2.003948
19.654011
11.746963
11.950155
10.129239
20.868610
36.173993
74.863772
25.466722
77.027526
9.689240
35.439290
81.580480
17.621460
89.462263
35.588438
37.491747
47.700011
30.721584
60.811720
32.018014
42.890543
50.959290
3.315659
13.584021
71.227920
55.673226
119.092472
23.656889
22.281210
20.184794
37.561402
45.656859
34.372566
18.754910
107.254055
49.059344
30.639214
39.212638
44.953930
52.401602
92.933980
14.823716
170.201653
99.286256
61.387933
33.225959
50.858194
85.142955
142.141786
14.196140
100.113733
74.743354
44.696446
23.247961
46.758516
66.375107
138.468293
11.336759
59.090895
21.933843
12.256566
10.796327
11.901963
13.109063
16.171694
16.493259
29.249317
109.657242
439.198785
43.862823
419.891794
167.948406
67.437627
82.388366
83.883628
79.704282
163.630015
119.159421
67.330475
112.061627
99.989755
92.247592
98.517398
97.907729
75.539217
139.270953
62.704657
20.457216
23.856138
12.511098
11.257689
42.589722
23.072917
8.408722
31.214431
6.195608
6.647046
50.343215
26.976428
19.261512
12.553641
42.986529
12.207429
24.826411
14.502522
17.711693
49.852565
41.407057
78.742382
23.731538
109.297285
2.035265
60.873154
31.408569
4.765675
13.027571
14.653230
0.302678
0.196586
6.390898
5.594838
5.151232
4.745480
1.228310
4.360406
10.769575
21.533103
0.603800
3.237685
39.812395
1.086928
39.536586
7.005173
0.671176
17.339764
23.707720
27.284775
6.232936
1.682495
6.526723
5.195994
1.542447
6.389070
5.455488
1.404312
0.981790
10.533578
10.944265
9.332287
19.577359
8.949743
5.176004
3.157462
1.351613
3.068286
9.439076
9.692398
8.533141
4.740618
29.093680
16.181440
8.113844
12.465789
5.000821
12.264343
2.084588
1.965599
2.704605
6.457099
4.854085
2.444970
5.365549
6.411642
17.091187
14.308728
16.346730
18.965918
19.340353
13.950821
16.598134
20.465619
15.474625
14.548047
11.931442
13.027950
12.293693
10.765889
15.684788
10.417702
37.817620
10.028758
16.745681
1.246949
3.910995
2.580022
9.377614
12.050217
5.848599
4.442390
11.704770
10.180840
4.678729
4.945603
6.380911
7.855976
10.837396
10.944215
7.790977
6.097608
15.515318
20.225825
14.365838
11.833982
6.591648
6.026364
17.541009
17.673017
9.955274
10.096366
17.374815
17.825644
19.428824
20.861263
14.541142
9.864463
1.045156
1.652779
26.167610
40.859857
8.662938
7.956377
11.719805
15.532272
13.381348
10.543630
16.416013
12.886895
4.338122
4.104373
11.456355
19.885253
7.099600
3.628852
6.668752
40.946839
8.276752
8.907756
17.181324
13.131403
22.637555
19.467401
13.597164
9.372000
17.805023
14.928760
17.879054
16.676780
3.114248
25.247711
9.016934
4.478983
5.090996
5.027846
20.333448
14.724140
15.031476
18.846009
6.303646
12.572464
11.551627
2.405660
19.139833
4.906112
2.888095
21.786439
4.944717
23.123800
8.391815
20.001029
7.455482
25.153283
17.714821
7.467718
1.141295
2.390095
1.168595
6.345642
12.240919
2.009510
13.788350
4.947421
4.318541
2.422493
9.419165
12.069771
11.533501
6.821765
22.147187
33.876530
3.824722
21.029967
0.535891
30.821179
12.010268
40.122598
16.522794
53.455522
28.506711
10.287013
21.670712
18.213238
24.326572
2.675464
7.892884
15.125455
8.426287
4.982755
22.641209
18.211050
9.404142
2.988228
0.354394
3.810975
20.982917
17.162592
33.656333
18.378059
2.158696
10.241307
4.434915
4.398948
3.437808
19.065547
22.815699
9.139022
8.995618
15.437804
20.787463
7.383067
6.499552
33.448871
19.675051
51.330654
12.305355
4.407520
24.496766
37.683593
14.923469
18.414064
54.975041
39.847798
56.047603
43.523822
48.813075
93.722382
31.936417
25.678158
33.597342
72.340605
49.487845
34.496048
42.013222
69.096049
29.543519
45.638175
45.809913
60.898084
46.480844
26.981754
35.047079
64.058676
42.286076
45.709866
53.390209
68.892698
6.198307
11.699648
9.870416
27.710871
44.261115
75.174459
29.857434
38.198835
43.147384
36.366301
30.526487
42.822166
33.182009
31.571045
31.592528
56.443052
10.574509
26.563701
26.970982
14.489467
20.310754
18.430501
17.136644
9.841939
38.871681
36.843489
43.469470
15.118243
6.541963
20.045917
47.774008
18.130499
3.881138
27.438548
43.889846
14.781765
113.751260
55.656542
30.843038
26.408025
28.927955
35.915367
68.805220
48.754995
17.167056
22.043457
32.173792
12.495444
42.562904
51.465727
8.672530
47.867218
90.695803
23.126565
61.304409
55.836642
20.886572
15.870177
19.476284
52.225357
123.539533
40.719879
68.128295
46.003075
56.463730
38.038407
30.665926
49.671321
149.443346
215.281896
67.554055
138.940946
283.215669
187.539406
193.586034
190.073134
291.194429
200.159680
188.751894
283.474242
186.384528
228.345951
292.019642
9.615565
14.820890
6.707416
17.702049
9.861352
125.352472
7.381119
3.672268
7.913099
5.667071
124.468487
1.115766
1.467981
2.332548
0.748417
123.437324
1.495084
5.473352
14.719135
14.455877
7.145168
135.232614
19.786563
171.461123
8.448721
7.367574
9.666826
4.223529
36.399297
31.851091
23.934317
26.291182
11.738154
40.730154
75.545384
23.725491
78.521794
7.763060
43.995951
69.308836
19.354381
87.099708
32.266817
43.149896
43.331997
33.640548
60.452895
28.897393
49.233512
47.047756
3.368355
21.741249
49.584933
84.921396
84.564398
17.710021
12.987931
24.720809
50.049214
61.158670
53.613816
16.279030
121.631314
79.786214
55.388428
30.257435
34.415678
47.443551
82.839163
23.381209
207.725129
79.701770
38.449929
51.793530
62.385895
76.428470
126.564736
20.264616
162.751656
79.344664
30.691698
43.752660
57.860736
62.428059
94.831307
4.039342
67.431911
36.969288
21.648920
22.346532
14.355808
12.042985
10.167862
10.338361
28.527923
59.160322
76.626597
28.902256
163.816049
94.623358
72.400212
48.411894
87.979483
159.886783
302.684158
66.371733
115.503385
100.073679
113.759736
100.880293
91.877793
66.693220
128.461128
126.187398
67.518343
1.412955
51.469219
43.101514
0.404033
66.577078
71.841039
8.186486
5.914641
28.209501
29.820770
9.786819
4.616345
2.355698
4.016359
18.298713
37.804595
6.389196
0.535077
13.567382
73.904943
118.564814
5.311736
6.028177
2.058362
13.518712
6.432162
52.012979
9.105106
20.312993
7.749405
12.203611
0.221094
6.448432
14.929249
25.971026
19.489812
26.163481
1.537461
7.842353
0.729277
2.666145
10.753457
3.840017
0.953756
2.545783
3.407638
7.089992
10.607215
20.131360
6.195447
7.184273
11.403803
6.307280
7.420307
16.272995
151.142834
21.388203
6.789304
195.093072
24.902174
16.971147
67.281142
87.656195
23.143108
44.713760
53.761953
14.113496
14.614161
3.918927
0.590844
6.429437
8.385374
2.444169
4.387406
12.228618
10.977067
2.228330
12.854331
10.181200
3.809669
2.677775
2.693052
1.179240
1.472518
6.851475
12.107169
4.315193
8.789622
9.106106
17.609954
40.055916
2.323943
89.155801
4.840910
9.738237
25.603222
11.961129
19.423558
23.235887
6.859510
6.783298
13.004948
14.525502
34.785785
21.458747
0.548558
46.240898
28.497698
2.287981
5.557000
11.857761
71.251397
105.024998
4.426686
9.496623
31.827369
51.782694
22.708440
31.392206
6.334310
3.881666
11.234439
1.568464
6.233667
3.949026
5.060344
67.675900
52.578536
11.637796
0.673929
6.474131
17.816184
7.106418
33.052714
6.742764
0.564310
11.921574
7.653964
18.337127
25.864661
14.176290
29.633600
1.878165
2.360613
6.156175
2.081073
0.310048
2.815795
8.865818
7.933831
10.631977
3.873436
2.491557
8.599674
2.411271
27.176421
11.747949
6.776899
6.180818
12.172255
89.914218
20.913402
2.653532
186.305863
56.101271
82.019987
18.473690
15.465421
7.751744
4.214931
6.858454
1.159039
2.887070
5.246708
12.991624
3.174691
2.606622
10.585517
3.757234
7.878500
10.837513
2.040247
1.060298
2.588647
0.173888
9.715501
4.546527
5.252350
3.536901
18.632050
14.174613
14.071290
115.088484
4.421820
20.494218
20.340800
25.715815
15.907688
5.172255
8.807351
35.174994
8.432330
25.226223
30.973211
61.627147
38.901142
26.145819
45.071369
59.374442
53.394064
37.287773
65.560390
95.621465
77.371860
3.456468
19.799071
91.727652
40.790687
16.102628
23.607382
91.554887
83.383686
198.459155
186.478224
119.385522
151.314239
97.121778
245.746543
151.637951
168.273963
113.279780
45.372381
52.794172
84.780629
86.895152
46.081198
33.936558
68.848729
91.705335
16.808881
53.923511
29.623816
66.171229
95.112104
84.595937
150.250544
130.038551
115.369639
19.728299
32.091398
98.383678
137.368212
108.584101
141.429951
43.185629
487.184340
316.750657
405.336217
452.929710
411.189773
407.162301
416.556543
386.355941
385.379777
144.009043
429.902858
252.433016
163.887130
248.253965
142.441040
103.910590
241.386135
85.583347
81.387708
58.483794
48.897663
28.807214
28.308290
6.084498
35.384865
25.912606
99.814138
98.421440
419.479753
272.993026
322.134184
128.828627
31.561380
30.307582
494.413022
146.634503
118.080516
112.955710
67.452227
69.843433
89.074567
28.950787
58.561144
72.385078
344.192156
383.225108
106.589861
310.342893
65.453926
66.173628
30.415995
40.420901
75.617284
52.643482
134.653133
63.718739
96.666218
77.223246
115.017660
85.279314
68.945731
161.152895
91.051348
242.250633
50.343298
118.868914
25.832541
72.213868
59.357469
56.447792
43.101203
289.234035
61.562974
281.717466
80.703667
53.403551
291.942373
297.625321
65.651910
255.562459
142.104778
283.979345
1.879250
79.434864
48.578235
46.488154
29.591719
39.091306
39.057333
25.230439
66.327621
67.117811
41.423785
39.813872
63.064510
86.244966
80.515531
51.140780
57.100054
94.112960
18.121458
15.068327
39.858688
138.725643
118.949866
172.976030
3.485066
34.949322
14.783552
41.213755
61.269480
31.348222
65.054109
77.112721
79.070884
319.166813
173.761924
207.434369
29.684287
26.877134
35.247028
58.163212
92.265027
4.462919
15.715783
9.696690
7.550075
51.527563
5.430559
5.931670
28.798740
28.749273
18.767054
19.884854
17.841478
84.479654
100.178426
20.589576
151.882918
51.984481
112.354636
45.359383
46.198512
32.637010
36.771985
13.631223
6.161043
41.268912
24.891811
19.497064
25.045024
262.523151
64.937860
55.504791
81.075539
22.365570
0.829770
7.703792
38.954486
4.834542
10.430731
27.563678
44.117089
42.407207
41.163317
35.647046
46.178083
39.935050
17.150595
38.632106
9.770298
27.636223
10.700960
15.088090
3.283895
9.590477
1.845279
13.464040
9.641447
8.754304
11.213258
18.073432
11.988242
38.851049
7.281098
3.847262
3.852698
2.844968
6.499874
25.798777
28.446476
8.747308
6.877414
10.759278
19.303583
0.445891
4.184069
20.546856
9.324075
5.624250
5.852154
49.478269
25.678317
153.124662
294.498609
163.385465
47.357360
19.992882
137.841806
244.009345
368.397200
20.590251
22.296902
10.692993
246.856226
184.218494
2.372737
580.369299
550.834728
697.573107
290.642489
383.239935
156.093404
514.013497
592.394521
346.888655
679.428452
729.716082
402.928252
844.082952
92.479620
259.284190
287.935147
571.292313
592.116383
490.260753
629.915319
238.964559
243.628525
235.206721
65.649648
47.596698
187.319341
390.267972
17.588938
20.854398
85.198523
280.108162
50.456057
264.660714
197.423778
14.369589
14.437490
12.132897
13.769780
63.554468
174.308059
254.526456
189.169734
517.647014
143.553527
5.660259
57.868326
406.106431
304.962919
4.145185
129.090900
408.083733
84.912217
6.467539
689.051699
459.705585
211.839728
77.926105
199.968089
22.252157
14.632020
4.829710
54.807241
142.105032
273.363524
376.063012
56.574012
248.617336
200.417112
651.932188
111.062443
5.066723
100.464320
410.021509
350.438304
9.967972
170.390643
468.883923
184.218164
4.892120
695.859857
445.551422
118.502581
203.619126
13.577474
16.024334
257.473698
660.204086
62.115370
129.441405
217.173481
75.232737
58.729390
352.033866
574.446319
105.583422
236.999259
237.129025
189.696255
126.239343
899.778743
546.589783
177.815905
12.347323
6.885432
18.942313
3.669308
1.180921
4.014447
0.519969
10.601898
36.831121
2.937495
7.054012
2.462696
4.404318
7.015274
10.682949
56.023800
22.439370
35.257190
21.752469
44.628084
11.821895
149.448229
11.407822
45.297785
5.978058
50.255879
5.606875
8.726880
8.432276
9.157303
3.217340
3.051506
1.543355
0.891548
33.553569
28.800151
35.242309
11.563227
81.111195
25.048060
39.342965
16.190843
39.161479
32.392792
12.299331
25.227991
39.917078
1.896925
8.491948
8.073810
13.345217
22.569188
275.747901
257.816287
233.177642
291.737368
16.241177
159.993201
192.205790
10.680079
17.635474
11.031511
13.498985
21.906217
10.742997
34.623852
25.871767
51.301185
27.146805
2.944724
88.600291
23.938453
17.038698
177.074454
234.594569
161.705635
102.932610
20.075867
10.569357
214.090107
11.372434
57.734797
20.774805
256.255495
9.347975
169.517033
198.160658
32.077626
7.529232
17.179218
47.626180
7.032788
11.131272
1.010414
0.833512
184.791508
158.703198
13.464727
0.227931
16.322493
50.605092
18.791893
143.242719
23.640452
32.625627
5.686811
1.586084
7.713562
161.718445
55.718751
7.275294
18.506319
7.194205
3.132091
1.757327
1.941269
9.937350
15.394419
3.711584
6.325691
6.555166
4.681014
2.024819
7.080355
7.294594
5.844423
17.178227
26.288278
184.156959
289.928072
11.457577
218.683484
285.130978
93.642457
16.915647
307.985227
216.369852
453.211086
15.132390
27.742108
24.158780
22.792233
20.102657
32.005757
18.100907
62.970207
21.498963
39.437301
177.765182
304.551084
59.321498
6.327252
6.903303
9.782161
33.177201
23.637766
46.342315
30.215723
132.172239
180.875677
158.901294
137.481492
49.649535
20.237009
26.562964
48.516008
27.310429
78.557370
75.890110
49.390910
68.853908
29.994216
60.169017
78.768026
3.543978
2.394450
1.121068
10.182145
12.224440
25.470385
12.199107
5.313325
24.098296
19.481759
21.410845
25.751069
15.861922
19.003665
62.960948
21.224666
35.454067
50.464403
24.860606
23.488751
9.124921
10.777419
4.509011
17.216936
6.210420
6.174037
0.437581
4.317142
20.203926
160.024486
21.138124
248.835276
33.032355
136.219305
348.989571
55.161614
188.639564
8.550804
113.773950
45.099881
257.456003
311.768516
283.276879
325.594688
23.706274
24.753542
125.111563
416.664079
59.897714
237.653594
301.940639
25.856091
61.157200
11.241961
7.786285
74.777547
175.989951
162.189382
125.782858
277.207201
7.870495
11.420273
18.064271
45.817180
21.405671
8.087391
101.320528
19.222292
59.662157
21.546923
69.946967
5.988243
4.833212
0.360472
11.587618
2.514895
7.432659
19.233475
192.107006
167.138141
10.583286
11.328004
4.064805
120.268182
229.685835
34.200166
26.062570
20.744908
14.388701
225.499403
264.125765
8.292001
12.599433
9.003976
229.780605
270.966728
34.005223
16.475863
12.769464
14.917072
30.554154
33.375216
92.715552
116.552175
170.695532
17.567131
62.241604
209.964163
10.715363
130.654975
36.992394
164.678435
26.080798
14.326646
5.868627
13.010943
71.248974
209.581003
27.725809
24.050984
181.913803
273.764570
30.974224
35.663524
259.481498
2.109316
20.950580
202.361825
238.731757
2.139890
126.780542
169.680696
3.990522
27.754166
202.212692
156.413234
8.405471
142.563347
311.341897
25.452267
7.874302
4.585316
24.184743
11.986649
8.412698
253.244211
80.074010
50.224668
234.505371
10.284508
150.554760
229.651475
23.814544
4.375571
10.640239
4.455376
3.747000
9.954211
13.673297
20.079585
6.411984
33.765823
18.237325
12.983407
7.905583
17.563493
48.178315
28.504905
5.261727
0.729862
5.308609
2.348939
195.969706
16.524842
143.238788
272.908857
10.478255
206.192056
52.138322
21.915272
120.290603
22.085584
22.207945
7.860287
30.060398
24.970521
11.638152
76.681260
16.395473
12.029594
4.949860
86.919500
482.731867
87.769786
25.344904
37.367855
275.931640
33.635797
51.178881
199.100279
39.826883
126.593433
329.391465
197.901529
135.715800
404.133967
252.420567
3.911598
1.316681
12.154126
4.121174
12.201242
11.797970
20.557014
16.030033
34.125039
23.684280
4.852634
12.153481
0.779171
7.692461
17.034743
61.113201
0.630509
8.679180
11.543535
39.956897
24.434046
6.480894
7.071637
2.995137
155.402336
95.513869
3.993866
0.898167
11.274625
6.353679
47.345987
11.097186
48.572965
33.925029
123.402143
111.833862
34.506267
56.043792
62.804239
8.544072
35.739417
4.305742
30.943589
19.756350
174.645541
18.052180
35.513390
101.402187
105.338079
185.059268
1.637373
8.766524
0.517305
1.097241
62.563245
11.479814
7.878883
37.792461
2.743658
12.156903
0.438772
8.683531
6.021973
6.035428
3.150826
0.543240
16.853437
4.042381
16.269047
5.699197
56.012698
17.016843
9.485140
20.256122
21.346923
38.539493
8.824389
35.921915
34.309782
15.014569
16.695029
2.286324
16.847040
14.347263
4.310357
15.287493
23.663192
10.449779
13.073639
22.850467
1.587169
0.948414
9.623493
38.001036
17.791062
23.435441
18.926813
6.476426
2.616024
43.090419
10.982949
34.049983
28.816995
4.984165
10.762573
3.401565
3.693517
2.531379
6.491123
6.984092
0.275655
3.121994
8.123032
4.723027
9.501326
6.858146
5.714049
6.353495
5.498098
26.218529
8.607998
32.477898
43.679774
34.276804
11.373237
2.865690
5.874992
9.712629
8.554168
9.001757
21.932612
7.917694
23.010410
9.942236
11.086597
14.946758
31.931659
27.766080
42.735418
20.600116
24.915328
1.439609
8.386738
28.694754
29.277159
4.955507
37.408287
57.645896
29.989427
5.992673
1.342018
10.563038
12.614038
40.578731
39.146477
0.722402
2.276487
9.352452
33.694318
35.688825
19.358352
1.799240
9.073613
15.062213
4.296659
24.427511
3.832350
4.580661
12.055040
9.727260
13.265701
11.702137
36.840307
16.099042
10.757144
10.598617
2.111120
2.749421
6.507452
8.945685
7.079538
3.186668
24.388544
23.281682
17.227718
47.593957
22.578400
27.046955
3.645643
29.348340
3.400868
13.517665
9.656280
39.707922
254.535736
66.682529
6.916004
489.182789
19.648705
20.668120
35.035177
4.880115
23.730319
0.425358
16.281134
15.689162
31.565147
31.110541
30.458406
20.549269
27.991161
7.185033
14.589910
12.558572
13.133849
23.200844
5.114866
8.656177
3.165324
16.921873
7.659620
20.451766
12.826039
10.600748
12.509930
2.325742
2.013974
18.039668
36.474021
422.159685
39.902781
87.936619
46.826507
68.989537
48.515957
141.723835
92.123329
141.368285
270.478977
48.778912
401.230294
91.712376
54.346969
359.643932
286.398740
14.658692
333.192734
289.420348
228.223505
490.844046
42.306623
30.348882
8.403477
245.060158
37.509449
16.812307
29.556708
27.606762
47.783634
9.160466
65.436178
36.456516
55.895500
16.715748
1.639535
13.124426
21.927887
4.082749
32.865661
34.700541
4.939017
17.636436
97.459411
1.579879
40.156651
13.289341
26.069830
31.187951
467.101513
430.727765
30.853587
22.311851
35.606414
17.337565
1.274541
0.696939
2.425098
14.779544
20.849743
17.055669
31.557330
86.940756
12.184650
34.546878
15.918953
11.942636
25.723616
16.913979
27.732959
12.059619
17.029687
33.114544
40.332115
42.661014
29.851612
25.272642
28.847096
5.019442
26.835332
24.618000
2.865480
0.695013
0.234308
15.628584
12.806281
5.326117
3.711114
7.423503
14.295537
33.766851
108.551325
108.019268
130.209315
51.388161
46.465178
65.972686
56.043051
58.217992
77.311908
119.791207
176.019952
9.039302
2.746448
1.080868
27.544775
15.213703
9.688272
36.811893
25.014195
64.679881
36.518729
74.045035
40.656441
54.250772
19.354542
2.644823
86.556099
104.373273
17.723365
14.156684
36.111786
82.152365
195.571334
82.916398
197.694700
152.019096
159.133740
152.034920
185.630255
85.821932
172.737025
49.021628
44.091555
46.963650
83.378313
106.229293
63.151848
28.689728
56.461501
98.578308
83.204471
117.418356
124.049766
139.636948
26.448299
28.020931
54.953366
85.325326
146.190273
108.652509
62.960778
319.178971
368.410376
359.491143
390.268391
389.701158
434.311200
407.038695
370.408384
136.727297
303.660843
204.784891
140.315821
288.881385
257.439121
48.935144
205.192625
101.401929
88.275584
23.535252
68.480949
23.678114
110.980751
179.926811
479.149283
435.288690
130.763607
34.254592
19.004418
147.036773
228.695721
160.730605
92.308521
76.243843
70.272532
42.976981
427.503123
364.565925
125.159104
87.674104
38.055215
63.002814
51.296196
122.615975
64.200197
64.205557
81.332432
105.272877
84.055891
134.005333
162.649350
84.378464
209.106190
53.563138
88.329496
55.784213
68.333472
77.631086
77.186077
15.139026
232.247884
92.187440
283.253301
57.332586
291.465660
307.459033
50.335665
68.777870
254.151986
57.464278
279.125874
86.462516
62.478140
3.779272
41.551875
40.426306
72.259490
86.719194
47.406167
62.861723
69.176101
68.913261
46.721442
51.107689
100.884901
22.523986
20.244466
80.586320
24.306927
119.495446
392.393746
9.856077
36.008406
68.203196
36.970989
39.390056
35.096977
51.183294
76.942209
253.277913
80.305717
268.069836
17.566836
16.088210
33.885839
152.421425
3.256340
14.976453
50.462824
6.962767
10.361631
5.981869
5.410501
23.960307
29.998387
15.002646
108.633437
72.107986
94.993603
20.349201
42.295389
36.356036
39.094256
74.527490
6.344463
40.518190
27.406509
15.359607
26.336072
62.345580
279.057103
70.006474
92.461590
9.479120
21.159536
13.562437
6.869006
32.205283
34.548297
38.975896
43.002117
50.255760
30.920353
42.651196
42.001916
46.308293
10.084486
13.866741
14.541901
16.219705
9.322550
4.761768
8.555321
12.689449
13.418455
18.621903
7.834094
12.943774
8.589936
30.187058
18.070989
8.486133
3.903379
1.803598
6.244729
6.444925
5.628106
26.288261
29.092956
4.889734
0.810763
12.805580
12.818753
8.856012
6.025085
7.331624
26.627095
198.605668
248.992313
21.450056
29.153475
154.981320
16.458389
36.953078
191.354409
23.962300
18.052701
243.049739
371.861876
3.339143
145.430493
204.315149
15.039462
802.824724
799.513932
413.730005
531.709212
104.427921
231.266272
477.791457
564.274878
486.137824
421.655196
713.098261
575.065931
496.932913
404.493482
373.471744
266.481172
173.229303
780.844234
677.635020
419.712375
64.589975
50.005480
57.911513
469.202664
484.689039
104.162132
53.597252
18.074295
297.849608
295.374229
249.440574
63.341739
222.589050
18.119295
14.090148
16.814293
271.076827
117.080845
320.399974
102.987827
6.841020
12.625276
84.094352
298.369322
380.187458
2.675082
213.847956
336.661217
105.831454
11.972405
54.190459
222.895836
276.088283
131.034947
429.220365
833.100437
14.086601
17.009034
93.175524
178.725371
126.338890
295.128165
70.173808
5.523303
280.634105
88.576247
299.329273
10.667239
70.821961
341.334601
436.389493
5.623598
241.832398
374.594423
187.428738
9.384379
114.391005
278.709475
321.253505
69.795099
367.575347
932.877738
25.965934
14.226871
258.150100
120.378723
467.755155
319.695423
67.029148
54.416317
290.420515
82.395052
165.809833
458.397099
387.977814
109.890263
248.386786
211.143897
180.113673
94.833959
449.367483
1184.407147
23.565421
10.091779
9.650531
0.453696
7.371058
3.907080
5.679160
9.362395
6.549363
34.129760
9.388027
11.939445
5.402514
3.628824
3.737493
27.661825
33.038277
24.304712
72.643142
156.645099
9.259277
30.837827
39.883631
7.552214
35.100282
9.969932
8.354998
8.370440
9.333560
9.795301
1.598397
3.718256
2.586420
5.748752
95.491195
4.501978
33.193959
41.721521
4.282507
30.450672
25.646032
27.329270
30.158981
20.647605
22.094451
20.173766
20.181434
14.239781
8.631527
12.518164
2.671865
221.328977
352.839597
24.772935
20.746419
212.754299
286.036309
36.480744
17.566801
17.485502
125.380152
740.631468
17.156244
65.072221
16.859737
16.794243
14.002494
10.774524
164.072833
5.312673
14.738803
65.621062
211.145667
246.754341
21.844845
12.705652
68.488013
195.084705
16.878233
195.631190
111.670998
172.849852
25.581603
47.051285
76.559931
374.321456
11.849371
46.818609
22.301774
6.371207
29.268446
4.978404
11.139944
1.620401
5.195999
4.962597
126.372307
114.120362
60.039462
37.105652
51.539240
15.212373
1.753067
0.560365
5.467178
19.504323
39.258276
65.481978
155.956692
13.597813
5.416656
6.304968
14.023127
7.028817
11.818400
11.966223
3.523277
4.971863
4.602167
6.100262
4.896804
4.241968
4.200594
1.260366
5.893779
9.651180
6.785078
216.125603
249.103914
26.332184
193.048062
397.998162
13.581095
140.980793
19.713519
107.342245
11.829078
263.948239
317.232115
13.298214
18.578047
18.702177
16.270686
29.513397
103.989424
9.092902
69.940777
244.067785
228.962708
38.047474
13.503001
11.654771
0.966050
76.957797
24.511905
17.388854
64.543382
192.548404
172.643773
41.958719
32.963185
108.281786
151.425369
13.170722
56.770645
31.528620
38.658002
63.252360
26.090939
47.759922
91.645531
100.984381
64.369800
40.355319
2.802540
0.434199
6.592285
7.166924
12.986308
52.714317
19.892897
29.466839
13.503365
14.416289
21.195920
15.140734
20.727392
16.622777
35.382252
44.901148
35.678406
75.469994
11.942707
7.990867
22.679853
26.486283
4.755366
7.666538
11.757569
7.162667
27.425073
3.104840
0.884412
116.024575
55.057856
342.632236
84.552478
64.661656
14.912792
145.284687
25.497059
347.833344
306.841190
298.849904
34.806676
117.594196
14.965195
31.571108
205.612729
324.806939
106.356265
317.150767
94.947594
22.602263
231.223278
222.707795
65.182278
13.645596
7.221888
67.564032
192.732265
119.789845
96.214913
180.020901
43.965147
24.595996
10.608719
0.792973
32.244670
60.869711
92.232150
4.893705
26.406278
1.514020
6.848432
44.775272
22.250988
5.010658
2.554516
9.489569
0.712959
6.478885
155.295360
187.081553
25.019083
131.575742
175.541662
4.317395
11.734464
11.094427
30.540392
21.576354
41.505453
9.913334
8.427008
198.978784
340.705615
26.791999
271.961916
227.506997
10.881533
15.033588
9.716351
18.550881
90.099271
143.666416
33.367252
37.212356
177.493086
86.685004
22.041133
138.865473
91.469935
35.226068
131.400683
3.001783
24.383113
7.353232
7.460282
13.009286
13.471396
195.031157
29.848307
22.420655
182.482015
263.529924
43.718391
22.002915
230.543284
152.772030
341.844821
21.181818
1.975056
3.565576
165.694778
156.436772
3.150168
9.513965
129.834547
159.257783
40.268316
6.516438
24.617864
198.016416
223.459420
11.072164
10.717314
20.933091
3.040706
247.377568
53.422912
93.073036
205.356713
15.116262
266.705733
195.831986
9.569838
2.965501
1.127773
9.760290
8.071272
8.188186
17.565666
14.819196
9.904659
14.728299
1.559944
81.049544
18.019776
8.536644
1.341509
5.398523
0.762023
5.878974
212.100585
13.713356
137.669935
297.742930
17.578047
168.756346
98.412284
19.056456
78.125243
24.031635
10.682108
17.611923
29.150899
14.993435
87.859899
20.335702
16.374986
18.421126
10.082444
484.619598
86.257884
104.271059
70.813660
26.019749
38.700320
300.284741
190.176005
49.061693
43.008059
61.969219
317.111400
161.758301
206.470037
450.587312
200.825701
7.172912
0.479008
4.394183
5.290495
19.196590
9.738921
21.488221
24.627891
15.628735
19.599941
1.821095
17.771476
20.000700
6.566329
98.320450
1.704495
6.647300
25.645446
21.692602
40.074428
7.732304
8.325705
2.917626
18.441151
118.649713
5.960066
2.991946
22.415920
37.908726
35.295205
12.291126
28.102866
60.337627
176.645641
85.416261
29.872289
47.710209
46.797789
25.936338
2.164639
15.350228
21.193307
247.811626
33.458935
52.453687
90.466649
174.492942
298.478238
0.704364
10.624642
3.453777
1.342993
78.422498
11.029787
5.566245
21.008144
5.645777
20.880466
3.690297
6.162640
6.615057
9.671112
13.657848
1.111249
12.502748
4.720108
10.171284
11.892175
62.445360
15.093712
8.249023
32.727051
26.533281
7.655279
40.192789
22.424487
16.922740
12.520522
15.126131
11.379989
5.184760
3.139069
18.774616
9.369010
1.615295
21.116937
30.927616
17.235902
5.051239
4.706691
4.152615
7.896198
5.010618
9.758339
5.268234
5.800263
27.318379
9.945212
17.267183
9.414200
5.861106
2.935722
11.269173
8.202703
19.178308
9.560901
5.242201
25.259697
14.728116
2.131569
19.472208
46.934600
31.957084
34.663390
7.971502
1.390076
15.539507
20.916553
37.619166
4.672894
41.017826
28.542129
29.592658
77.750978
12.940498
9.944370
4.045440
5.540675
8.380593
1.509946
24.075507
22.930678
18.415228
36.538121
27.582219
8.837251
8.925821
2.693801
4.502181
18.612858
12.383700
3.583029
1.861177
23.828382
13.428204
7.595129
17.559462
5.650054
53.992693
14.106188
8.035686
10.637520
11.692758
4.474952
5.484498
3.563371
6.370019
15.028879
35.230649
17.961337
23.959089
54.411863
30.746331
1.970909
1.974486
30.534487
34.966713
12.955682
17.845267
352.904739
7.518211
92.393258
434.495780
30.576143
38.866699
11.957096
14.283199
14.348727
1.460435
0.578423
37.631348
31.867560
40.984950
30.467775
18.052826
38.531422
8.016929
3.701674
18.520976
17.275022
22.492534
3.348210
8.414016
2.403749
8.007585
23.150543
9.846144
22.281469
14.198061
10.167973
4.032791
13.337643
1.007241
492.674482
38.212659
70.178000
65.636644
60.339398
41.384011
142.319299
66.546307
102.927416
86.057971
290.751876
66.058440
413.271097
40.230539
292.523320
75.839461
14.863793
461.993719
212.526591
484.903731
146.560745
331.442333
48.586775
3.407508
25.535760
185.639666
79.778165
18.363944
28.120804
19.378468
85.333143
2.166794
63.332246
34.410042
20.833126
5.399482
10.029457
63.810203
6.678053
13.002600
13.697239
29.848373
51.150854
118.744706
38.672940
1.572601
12.774224
29.532981
25.868277
69.105957
444.189553
500.214085
30.936105
31.922034
9.301796
0.465521
9.538836
1.625552
20.286151
18.474747
59.996775
25.744516
20.479271
38.876899
11.071554
17.001069
24.422932
12.235077
18.548153
26.515130
38.637633
41.325197
29.569403
63.477677
18.448900
24.668569
4.585570
4.264778
0.914010
0.950935
9.965414
5.608141
23.768958
34.570527
117.462705
97.425214
62.287475
59.827690
73.213465
45.285447
57.841542
90.945743
87.156536
107.730948
172.361478
7.364671
0.678745
0.943054
89.731414
4.198557
1.372115
0.788352
3.817294
19.676812
1.198577
21.527938
8.441058
12.648245
18.359578
14.118869
5.245659
23.442082
19.110598
11.355824
2.147259
18.447084
10.219695
5.167577
2.180891
2.567730
1.162859
45.642575
38.463938
10.003535
12.451976
14.716388
17.952259
0.170041
2.252280
8.004139
7.937567
0.051460
2.676947
13.588247
7.320174
5.996369
6.706948
13.133093
17.476231
6.021136
3.376322
12.248919
13.618602
2.254561
2.861860
6.828414
11.452463
0.364431
2.005460
5.372147
0.514622
3.557498
9.354296
5.365616
16.126582
14.669387
19.158605
26.528430
6.342496
17.563455
15.756467
3.056557
3.082086
1.358702
1.197624
17.948198
10.295068
11.686584
1.384929
3.637178
6.357871
9.911643
10.531101
23.795409
48.374975
42.574201
4.515151
12.604891
57.233032
17.389279
22.448934
19.581640
22.522287
18.112040
17.728808
8.846254
18.598474
6.832424
15.479968
10.678418
6.912652
8.651235
8.042356
8.061376
7.238814
6.656934
4.750125
4.564687
1.405423
1.962335
1.229153
1.989169
7.227552
7.074413
4.986116
3.930956
0.795536
3.735964
20.479312
24.575892
26.727285
32.728872
8.794789
11.589889
3.859976
4.734880
40.409947
35.050354
31.085560
33.470901
14.553943
38.850959
14.392086
16.014024
13.779498
2.843750
10.417363
26.155705
15.510765
27.996801
21.191624
27.983051
15.165709
25.215647
2.208338
4.771779
5.539822
4.325662
11.939862
13.337017
5.633649
11.087274
7.821127
5.081763
2.187530
4.243680
41.860401
1.172764
20.743023
25.224673
4.441184
29.523204
13.868299
3.776507
48.995596
3.998585
32.341129
9.914613
32.533256
12.265867
35.800410
1.710054
3.807863
36.672643
44.457982
14.117983
37.262358
21.172406
22.204165
11.695478
32.814540
11.616211
18.727653
54.405256
3.405520
5.711468
13.185903
5.545817
2.517181
0.467589
1.913631
24.083023
77.244289
54.570326
19.287902
14.459964
5.475528
46.269067
38.917164
43.515046
45.700618
13.627441
8.048702
11.915672
17.978762
22.970334
8.777087
24.593548
6.381606
10.002788
18.953727
17.918044
16.807681
20.520008
30.730999
1.151827
22.128464
4.190164
17.080667
3.672675
6.109043
26.694751
19.190101
10.879064
7.249271
37.691718
7.755875
19.176180
2.369981
6.940273
39.724124
45.136644
9.479110
21.149093
3.312000
39.398314
29.339087
34.075300
4.383168
5.795163
5.676550
2.231701
37.099334
7.179295
3.376271
16.274349
8.312827
17.215451
20.841167
3.458667
26.306735
13.044197
3.007424
29.309147
82.379403
6.244954
29.044688
22.541024
18.266658
27.272417
3.718606
14.687060
4.881583
4.795748
10.030684
31.917299
19.648721
21.229674
7.775409
3.300330
4.296545
42.263658
13.918590
13.633684
16.240907
20.041731
18.198303
14.848923
15.041717
4.379546
7.684676
88.011184
59.097408
7.048074
62.820929
19.789688
171.737278
10.684702
27.934537
28.459555
41.201704
56.564912
21.516973
58.438137
94.410256
43.526798
57.526811
38.202533
54.069206
25.088860
30.814683
46.658603
77.971497
38.370514
48.786023
35.540327
63.746338
46.360145
26.368759
29.941241
65.140902
30.018265
41.125941
29.616705
22.141367
34.285901
29.039268
23.528115
12.713208
33.668813
12.208283
31.694227
83.720020
30.275854
35.775013
31.519972
61.949310
35.079109
41.625975
29.969840
37.027609
52.565124
54.770030
16.253818
22.716874
16.200206
7.160643
3.786222
5.877090
16.903155
26.727365
13.987389
19.773604
2.422648
19.941054
15.576832
103.244956
47.083224
29.718700
24.537735
29.931458
24.134133
69.289149
12.031239
17.948364
68.089084
15.586558
44.924204
18.105708
13.474127
58.878090
28.686455
15.116699
1.985658
69.601895
44.217441
275.640360
191.621179
199.627684
281.858883
223.065414
188.698488
278.015617
13.722227
8.526904
7.784983
18.695246
7.804545
122.519729
9.331406
3.629151
7.829133
4.501553
123.671793
1.002656
1.468122
2.922331
6.565415
113.115081
23.788267
18.722009
11.522576
14.779711
9.265919
12.612110
13.165940
10.673600
20.492854
35.487141
75.428657
26.670507
76.154133
9.470075
35.142269
80.877293
17.729752
88.843546
34.992033
37.436729
47.151138
28.659485
11.391041
89.478592
13.632279
50.004620
3.817918
64.853306
46.991202
37.129507
21.643163
52.021145
68.399432
31.197077
50.053685
50.329978
68.621122
123.208337
14.932571
168.867411
99.012997
62.264779
32.193702
51.194081
85.074703
141.795808
15.138867
100.522056
73.516576
45.234716
25.684723
46.802328
65.019876
137.889827
6.081239
43.315294
19.973340
17.294817
16.802832
13.186749
13.777476
12.860764
16.978054
19.405458
42.914719
118.938324
68.359991
112.476267
99.465202
91.797306
91.444555
31.434607
76.200949
64.374065
30.367098
19.073683
19.653495
1.845684
0.636226
16.232504
11.830168
4.096414
9.691286
1.794846
5.054900
0.845271
6.337991
16.265825
4.313635
4.064097
0.758611
9.947115
5.474306
6.026002
7.131021
2.364850
14.932731
29.413417
27.612875
0.900456
11.611237
15.144608
15.360521
9.763986
7.368933
0.569666
2.061563
0.447278
0.748768
8.049544
14.288779
4.905942
10.434935
17.943668
18.244734
7.721934
4.289602
13.835866
7.578808
9.573238
5.864143
0.309939
3.251895
6.005734
5.040074
5.687650
1.378756
10.422531
1.967489
7.047904
7.468758
5.659023
3.480419
1.170832
0.254857
21.867957
1.722477
0.415363
1.864059
6.899957
12.967735
0.802708
15.053910
13.556348
10.072657
2.638141
13.379863
9.678678
10.029830
12.017670
17.787736
32.290915
35.672511
19.296781
131.833001
24.805890
17.406842
23.030446
22.378390
14.466117
13.095933
15.479500
3.535060
16.423317
10.678932
13.309758
7.311475
8.760200
7.030792
10.491303
7.838317
7.676072
2.757255
6.590897
0.143914
3.717238
0.715954
0.561208
6.242530
10.751775
5.537756
0.555117
0.797025
13.184221
55.386874
2.595877
4.133863
5.247715
10.390637
15.029582
2.558474
24.532132
39.074347
33.249560
38.312346
29.786539
30.165387
48.399687
2.963058
26.535282
13.373301
24.904075
3.817563
14.082384
30.383633
27.291274
27.710169
14.292506
23.522982
26.329860
6.483870
8.563322
4.886162
4.546383
13.448201
14.130767
9.223545
16.631099
1.571500
16.777011
13.175716
3.709927
2.733517
37.803278
21.293518
26.615631
3.892469
33.836553
10.934656
3.626293
48.898163
16.604253
42.707477
2.830995
3.433010
51.057025
14.673489
25.993581
30.132306
33.926077
2.987416
20.866840
10.136004
23.578980
21.519937
24.090111
30.944298
26.534278
7.784139
45.908411
15.169181
5.674953
4.152208
8.518006
0.438545
3.958093
6.842392
44.152255
56.143076
69.245307
40.046739
15.940139
17.689541
30.924898
31.815690
57.806084
68.414346
13.605420
7.474724
14.522269
12.629080
23.898117
6.249292
15.199593
2.656675
4.294648
19.294098
19.408787
11.885195
24.236356
49.213475
2.949897
8.208100
15.212820
9.323201
29.147377
19.077435
9.516250
21.385348
7.587009
6.301788
45.690148
13.974358
27.832734
10.765923
0.490969
57.473677
27.614580
11.820161
15.579896
0.401515
37.904327
6.866547
9.140472
37.529225
24.062228
5.462874
2.591577
20.345027
8.100235
2.791499
10.785027
21.549295
22.630815
10.881894
2.379295
20.894940
15.549319
3.245605
41.990688
25.116542
4.180936
7.268553
18.262549
25.628452
46.897443
0.826863
15.479677
1.597830
4.577348
17.462017
16.577368
37.261159
20.774182
8.723745
2.776272
3.521582
16.272303
27.447807
9.465852
12.165753
11.769127
19.078048
17.619834
13.918431
9.539240
7.784741
74.644111
62.548503
66.259502
7.308955
84.072747
30.748305
18.093500
34.761549
14.048516
17.947280
55.761733
39.772206
54.979044
43.894957
48.477520
93.532283
31.679454
25.669965
33.274431
72.709100
50.021437
34.637109
42.137145
68.580568
29.091206
45.593540
46.168663
60.684151
35.430275
27.277093
35.014613
48.626187
31.756991
32.906858
19.906961
49.307440
15.701597
19.232495
14.511364
31.436738
43.640775
72.112292
29.480615
40.634009
44.655802
43.111820
32.054955
43.301911
33.124210
34.773448
28.102015
76.803540
34.315893
14.330506
13.555280
11.363501
6.039396
6.010159
12.354558
36.657055
22.967758
8.593561
2.077375
18.257841
14.582112
61.139743
53.218769
31.177655
25.946064
29.276043
36.075110
68.201589
14.027197
14.418965
46.173406
22.966218
12.074067
44.800958
18.724704
29.343287
62.249884
25.528046
2.372614
48.962953
65.086414
265.635380
199.533597
189.426811
283.129034
185.195084
227.017867
290.566812
8.656279
13.057969
7.456785
18.585837
11.884025
124.635842
7.007289
3.610670
8.009336
5.612248
124.174050
0.823968
1.453322
2.860500
10.604638
123.721651
53.394889
18.844230
12.363139
15.193076
7.174257
12.672503
13.255200
18.794012
14.455190
39.907247
74.739570
26.765330
75.994927
8.665943
44.280595
69.167744
19.037890
87.021953
31.603393
42.103871
43.193547
25.951797
20.991297
38.601932
21.485876
46.465459
3.079643
63.908691
47.345075
38.024934
20.702488
123.271904
78.256439
64.318177
37.467551
55.336628
22.437624
93.743630
23.623160
208.164942
80.224356
38.488019
52.204976
63.041778
75.701578
125.515020
19.727079
159.515704
82.436322
32.007788
44.984712
55.271257
59.441740
90.769722
6.146499
63.014151
30.139853
17.547776
16.538592
13.567628
13.173393
10.407145
10.942157
20.606630
62.852911
67.898990
117.170961
100.065671
112.268391
96.686037
87.665714
66.638106
49.286595
63.102065
60.625664
27.749826
32.980899
57.180520
12.844082
27.220995
14.476966
12.948134
40.009122
33.852980
28.733091
35.518556
20.603534
18.631171
17.705834
16.057959
55.602185
101.404975
24.328027
13.436567
14.279793
16.395817
25.213745
22.717831
62.588894
63.638634
27.430160
30.111194
22.874325
18.915039
27.859706
28.098598
35.787473
36.512097
47.119398
45.638919
36.701930
45.561030
27.233294
27.092578
19.058707
20.837317
30.312765
28.605452
54.721132
69.085759
45.353262
29.058537
22.323838
19.650059
26.949108
27.973544
39.436066
37.724413
49.283446
46.086023
39.288885
38.067127
27.472903
28.562087
56.515409
33.751766
28.148368
28.315643
40.768853
46.369286
39.835813
28.901488
23.190823
33.566806
34.842825
26.310354
31.097169
40.028551
48.684643
64.715609
52.926805
52.308699
27.097811
32.476009
51.377291
49.932550
44.203026
76.373902
33.642546
33.373712
36.872995
60.083783
25.205082
35.341800
42.580060
29.987330
26.173701
36.252577
43.095563
44.948080
32.563831
39.683194
37.188729
32.927490
17.370780
101.247027
47.578345
38.611363
36.695530
31.950809
27.173584
51.551864
66.757598
90.302613
42.696407
52.777282
53.595264
45.953756
39.271616
30.534859
49.687636
50.590748
29.654040
38.496830
58.817033
23.466823
31.286570
45.614765
99.998100
18.221376
33.588801
40.208662
52.086339
36.062900
11.127980
69.054303
33.552798
79.558890
74.602555
4.859304
15.022446
52.163020
43.611789
12.417478
159.990368
108.976879
71.781214
107.504247
23.919053
119.206532
71.844837
54.009167
60.049162
92.772504
152.790793
72.368533
144.970782
30.683276
85.940804
94.480179
126.108085
53.251093
75.461399
31.319715
46.390339
75.955845
84.054499
59.737729
142.566510
41.906949
33.592242
188.286309
49.764724
90.440515
47.586981
149.117361
105.391218
14.166940
4.110944
6.770197
11.395959
123.337712
17.249380
41.326891
46.486276
140.857842
68.122993
75.908057
95.240163
25.540074
190.141213
65.692555
76.687519
64.742019
129.347092
107.759685
61.253700
222.238000
83.917609
21.828032
43.283785
119.881383
81.178852
42.975176
139.313290
48.786558
37.241993
173.722790
34.994700
73.552367
82.138124
122.251151
91.047586
7.995903
16.127180
32.838511
11.938400
158.931809
29.106063
12.433842
84.868063
13.613124
185.675116
109.532842
51.887158
109.603236
85.370725
62.802211
47.750314
17.198334
27.846047
29.606835
29.048557
11.038643
35.498871
158.875204
138.488991
20.625379
40.107050
86.231898
65.676805
109.509127
45.659548
10.670518
423.567471
26.510031
16.343805
47.172219
26.874186
12.293526
30.377430
2.660639
32.187995
100.394999
76.702286
45.031598
1.907422
34.874999
22.119912
16.886282
57.815627
123.635052
38.072717
120.086652
0.264341
0.034577
0.939410
20.522753
115.484614
51.095253
7.239775
14.567197
72.753992
0.802356
44.646700
3.276887
4.473918
4.040717
15.274856
23.488412
2.313307
2.185224
0.455510
4.267448
0.590592
2.110809
1.988162
1.388346
0.426503
4.201926
5.732050
0.620113
2.518791
0.744275
19.677983
6.749517
13.813285
27618057401377.863281
0.880233
5.521264
44.211874
0.005656
23.014166
52.131939
3.434718
5.170491
10.746355
14.905414
63.629876
25.298836
17.044662
70.674824
5.511238
5.516066
1.607382
1.663547
0.003123
37.984178
0.000051
34.652473
10.977223
18.610818
1.892936
17.736688
59.825417
17.533058
33.112376
18.262864
100.098084
15.275326
0.000667
3.393825
12.325412
63.629894
52.915103
63.167613
3.137847
2.144857
2.905790
16.057991
8.954166
3.953154
1.407070
13.412896
42.270984
40.413528
12.986977
9.408613
20.225539
17.733824
0.119742
8.744909
41.859108
12.485715
14.905446
0.001386
35.213302
18.856554
13.185656
0.186059
0.505615
32.424205
10.668834
19.700421
13.696501
34.849984
24.167131
37.486369
23.144579
59.276495
15.082561
77.511491
13.540496
41.819633
94.043776
31.594458
52.978027
18.380974
4.064327
3.460643
52.774746
26.592763
27.970525
14.584065
3.394079
8.147654
12.909479
3.316280
47.751446
15.009153
4.621509
19.749665
2.284953
2.166731
19.145611
17.087452
8.147415
3.533109
27.119087
3.695089
6.861718
5.013072
2.163894
15.751718
17.635985
13.028144
18.603525
56.858685
1.788313
0.000135
2.231132
1.385996
4.174526
0.302253
25.566063
2.240392
1.976867
10.827063
2.691200
2.175864
0.000074
14.814638
5.961042
20.466488
31.971376
124.534763
3.131300
0.475889
7.596000
17.674881
11.638947
4.486019
8.289778
3.666799
3.336497
96.174779
32.617681
41.504199
33.964693
30.608810
29.982300
53.543610
194.586821
6.510870
5.612502
54.368474
5.285841
2.803236
4.115499
16.100324
87.580439
158.460817
44.006660
1.477553
0.939520
1.480880
38.687935
12.551236
0.000421
14.625045
32.526131
0.000044
10.721991
7.808343
4.582691
56.328689
14.494585
9.567404
27.795622
9.862535
0.543803
18.084218
35.453706
43.521960
79.136177
7.043915
34.074106
24.658803
2.141925
10.195143
13.100534
0.000069
153.283349
7.380897
3.366300
17.191258
15.532752
0.000029
28.160834
0.000006
23.012565
27.651849
0.772186
0.000125
40.192405
0.000046
101.551272
102.957614
3.853889
7.816828
41.985399
6.431834
2.235905
0.000062
2.191808
1.462181
0.000280
90.272284
15.667650
0.000813
0.001424
34.125680
26.529471
0.000620
0.002573
25.018436
8.963057
0.530461
27.672889
3.606395
81.869987
0.000382
13.060028
0.000025
30.566354
0.000077
0.001259
170.384173
0.005433
9.624512
153.437186
35.176926
30.749752
237.736208
25.382505
13.819727
1.832316
18.648953
2.082953
44.720417
71.801558
4.171913
78.321867
16.133263
44.007212
362.262989
193.316141
15.236991
0.000233
7.741508
15.528845
3.806060
1.935854
1.935835
8.813017
11.535345
24.079772
17.165300
20.466369
5.576787
2.901617
6.309061
75.712013
3.560299
143.403120
1.988877
3.965357
7.683864
2.781257
3.684238
55.538056
4.879866
0.000263
5.076627
0.000324
0.000299
18.910053
6.253391
10.892281
4.353633
20.995618
6.886492
15.929565
4.535472
0.229684
2.375530
20.521826
7.386398
30.576893
0.000184
2.903435
1.572091
0.000011
0.280662
2.191183
1.924398
10.047089
33.797002
41.780887
0.239779
5.661037
4.483391
1.824142
24.892812
3.164254
4.869953
14.910331
0.921393
8.904425
3.314506
3.150353
59.387971
19.819979
7.816828
8.586908
1.179165
12.237797
1.073703
1.875295
3.926576
10.427362
0.809829
10.451251
8.335931
14.398560
34.790845
0.920192
0.000669
10.799396
3.282325
0.799663
15.958707
60.694073
4.897027
5.864010
0.001055
84.422388
0.002787
21.806606
2.005165
